$SPEC_ID:
Recoil
$SPEC_REM:
DET# 3
DETDESC# JLAB-11 MCB 134
AP# Maestro Version 7.01
$DATE_MEA:
10/26/2022 14:41:53
$MEAS_TIM:
467 495
$DATA:
0 2047
       0
       0
       0
       0
       0
       0
       0
       0
       0
       0
       0
       0
       0
       0
       0
       0
       0
       0
       0
     207
    1601
    1444
    1339
    1145
    1122
    1013
     967
     899
     884
     950
     954
     986
     949
     967
     916
     976
     932
     987
     972
    1000
    1045
     956
    1007
     999
    1023
    1033
    1020
    1103
    1043
    1057
    1128
    1131
    1164
    1177
    1223
    1229
    1263
    1342
    1375
    1420
    1532
    1718
    1809
    2012
    2209
    2435
    2689
    3004
    3369
    3797
    4210
    4883
    5441
    6185
    6845
    7604
    8274
    9194
   10057
   10849
   11742
   12600
   13525
   14273
   15021
   15461
   15906
   16214
   16047
   16267
   16342
   15795
   15523
   14907
   14025
   13642
   12477
   11657
   10779
    9747
    8740
    8039
    7182
    6436
    5595
    5066
    4477
    3864
    3461
    3173
    2764
    2557
    2192
    2081
    1808
    1689
    1550
    1490
    1422
    1375
    1268
    1303
    1297
    1286
    1232
    1205
    1323
    1299
    1383
    1381
    1467
    1388
    1485
    1470
    1546
    1582
    1599
    1669
    1703
    1642
    1736
    1787
    1840
    1870
    1872
    1884
    1993
    1875
    1979
    1997
    1981
    2016
    2099
    1926
    2078
    1937
    1959
    2003
    1911
    1901
    1919
    1922
    1997
    1881
    1865
    1819
    1760
    1747
    1797
    1821
    1919
    1861
    1833
    1867
    1897
    1899
    1915
    2000
    1991
    2003
    2047
    2050
    2085
    2094
    2085
    2065
    2287
    2306
    2303
    2361
    2342
    2436
    2364
    2462
    2676
    2696
    2735
    2798
    2867
    2960
    2989
    3040
    3194
    3224
    3371
    3361
    3481
    3643
    3683
    3646
    3800
    4023
    4114
    4252
    4298
    4514
    4503
    4791
    4883
    4929
    5133
    5198
    5355
    5473
    5407
    5509
    5748
    5821
    5769
    6007
    5761
    5971
    5866
    5782
    5681
    5612
    5584
    5582
    5310
    5104
    5008
    4908
    4834
    4544
    4277
    4169
    3936
    3759
    3483
    3380
    3181
    3061
    2826
    2706
    2666
    2382
    2250
    2136
    1999
    1795
    1760
    1742
    1615
    1493
    1419
    1346
    1239
    1343
    1188
    1130
    1121
    1080
    1101
    1067
     976
    1016
    1051
     970
     974
     965
     981
     915
     962
     957
     963
     938
     977
     973
    1046
     996
    1004
     946
    1058
     994
    1020
    1027
     992
    1036
     986
     980
    1029
    1080
    1017
    1070
    1046
    1039
    1095
    1012
    1081
    1095
    1047
    1121
    1087
    1097
    1017
    1093
    1097
    1099
    1081
    1091
    1116
    1077
    1155
    1094
    1054
    1160
    1172
    1107
    1129
    1075
    1101
    1110
    1151
    1040
    1080
    1085
    1114
    1141
    1073
    1063
    1091
    1048
    1038
    1032
    1035
    1097
    1068
    1085
    1104
    1093
    1035
    1057
    1010
    1061
    1068
    1060
    1109
    1031
    1059
    1094
    1124
    1051
    1039
    1110
    1123
    1107
    1104
    1087
    1079
    1168
    1165
    1157
    1141
    1153
    1127
    1110
    1159
    1204
    1187
    1104
    1250
    1146
    1153
    1164
    1218
    1214
    1172
    1257
    1233
    1189
    1259
    1224
    1221
    1247
    1293
    1206
    1347
    1229
    1294
    1311
    1245
    1315
    1314
    1288
    1321
    1289
    1377
    1436
    1367
    1422
    1337
    1375
    1430
    1348
    1452
    1464
    1430
    1412
    1402
    1435
    1414
    1458
    1451
    1475
    1389
    1443
    1470
    1440
    1445
    1450
    1436
    1433
    1427
    1369
    1449
    1439
    1409
    1447
    1419
    1447
    1470
    1399
    1441
    1463
    1494
    1536
    1452
    1481
    1395
    1394
    1411
    1431
    1413
    1385
    1370
    1463
    1382
    1407
    1399
    1356
    1353
    1372
    1320
    1336
    1320
    1300
    1315
    1275
    1319
    1285
    1253
    1260
    1270
    1238
    1226
    1294
    1249
    1290
    1193
    1184
    1187
    1168
    1213
    1181
    1189
    1206
    1143
    1124
    1119
    1148
    1160
    1123
    1093
    1123
    1158
    1092
    1102
    1103
    1056
    1120
    1021
    1147
    1089
    1054
    1095
    1038
    1099
    1113
    1027
    1082
    1027
    1033
    1020
    1003
    1031
    1013
    1051
     993
     976
    1014
     957
     960
     913
     949
    1043
    1008
     894
     942
     935
     850
     947
     909
     947
     940
     899
     899
     900
     926
     858
     883
     880
     921
     834
     902
     813
     865
     901
     864
     832
     790
     796
     829
     828
     846
     765
     803
     781
     797
     798
     800
     820
     790
     790
     805
     797
     733
     774
     761
     751
     765
     760
     781
     746
     747
     737
     738
     779
     727
     782
     761
     719
     717
     743
     706
     678
     702
     749
     679
     721
     687
     730
     685
     703
     686
     646
     685
     649
     680
     722
     694
     641
     662
     739
     721
     657
     650
     679
     686
     657
     683
     733
     692
     653
     668
     636
     606
     681
     654
     629
     655
     655
     640
     647
     675
     652
     658
     634
     667
     662
     644
     608
     596
     626
     600
     646
     621
     651
     690
     643
     630
     634
     596
     587
     609
     645
     651
     644
     594
     609
     578
     613
     615
     599
     634
     619
     615
     603
     595
     624
     631
     590
     636
     622
     620
     623
     578
     597
     599
     627
     623
     635
     636
     602
     620
     583
     636
     641
     621
     630
     599
     630
     700
     664
     692
     688
     675
     639
     657
     709
     661
     643
     661
     681
     714
     698
     713
     726
     723
     667
     733
     742
     732
     731
     746
     795
     756
     777
     790
     788
     790
     816
     797
     896
     900
     822
     848
     877
     844
     883
     890
     890
     895
     992
     955
     964
     902
     967
     995
     939
     947
    1019
    1009
    1029
     960
    1046
     977
    1051
    1120
    1060
    1065
    1074
    1022
    1054
    1089
    1067
    1079
    1048
    1061
    1149
    1103
    1160
    1119
    1165
    1234
    1178
    1205
    1189
    1162
    1157
    1221
    1148
    1244
    1178
    1273
    1231
    1225
    1300
    1301
    1352
    1273
    1303
    1318
    1350
    1352
    1324
    1404
    1306
    1439
    1360
    1451
    1368
    1390
    1416
    1476
    1425
    1422
    1382
    1473
    1452
    1507
    1465
    1545
    1426
    1530
    1519
    1544
    1494
    1500
    1497
    1631
    1487
    1674
    1569
    1529
    1625
    1560
    1611
    1568
    1638
    1641
    1503
    1525
    1549
    1546
    1606
    1535
    1575
    1546
    1522
    1574
    1551
    1554
    1562
    1491
    1523
    1547
    1527
    1496
    1476
    1433
    1454
    1411
    1449
    1480
    1379
    1463
    1385
    1397
    1417
    1343
    1365
    1400
    1360
    1304
    1172
    1273
    1305
    1300
    1239
    1286
    1232
    1204
    1202
    1198
    1234
    1223
    1159
    1193
    1174
    1145
    1172
    1193
    1233
    1183
    1149
    1151
    1160
    1193
    1238
    1148
    1188
    1152
    1213
    1189
    1157
    1269
    1217
    1302
    1244
    1220
    1258
    1337
    1344
    1407
    1345
    1452
    1462
    1443
    1505
    1555
    1535
    1609
    1687
    1603
    1627
    1617
    1673
    1733
    1808
    1856
    1909
    1883
    1925
    1961
    1963
    2017
    2029
    2151
    2127
    2152
    2198
    2348
    2228
    2359
    2330
    2419
    2373
    2474
    2497
    2455
    2618
    2608
    2572
    2605
    2686
    2789
    2857
    2745
    2766
    2844
    2838
    2847
    2893
    2853
    2868
    2949
    3013
    2981
    2928
    2968
    2897
    3094
    3045
    3102
    3031
    2886
    3036
    3066
    3022
    3042
    3070
    3021
    3134
    3003
    2941
    3071
    3003
    3036
    2979
    3047
    2947
    2938
    2923
    2975
    2768
    2851
    2838
    2808
    2757
    2732
    2706
    2747
    2625
    2626
    2543
    2594
    2482
    2488
    2360
    2294
    2302
    2290
    2245
    2290
    2205
    2249
    2161
    2035
    2141
    2003
    2028
    1942
    1889
    1800
    1846
    1839
    1738
    1725
    1688
    1622
    1637
    1512
    1594
    1572
    1488
    1482
    1471
    1430
    1325
    1362
    1287
    1273
    1259
    1286
    1163
    1139
    1170
    1146
    1019
    1086
    1119
    1002
    1084
    1004
    1014
     976
     940
     912
     896
     926
     852
     859
     848
     880
     784
     790
     822
     787
     731
     766
     765
     734
     680
     724
     690
     686
     687
     628
     601
     636
     632
     611
     616
     584
     606
     537
     528
     616
     531
     524
     516
     447
     502
     487
     482
     466
     467
     459
     449
     421
     423
     428
     408
     402
     378
     375
     342
     352
     389
     367
     362
     348
     341
     358
     328
     318
     319
     325
     301
     302
     292
     306
     286
     284
     273
     263
     295
     287
     253
     271
     294
     250
     246
     253
     239
     256
     236
     245
     244
     250
     250
     244
     249
     219
     239
     227
     243
     236
     207
     226
     219
     252
     220
     199
     240
     235
     272
     229
     203
     216
     226
     234
     203
     253
     222
     226
     228
     220
     240
     241
     222
     200
     219
     212
     215
     241
     216
     192
     238
     223
     217
     246
     246
     239
     213
     226
     209
     215
     209
     201
     218
     180
     191
     195
     186
     200
     235
     226
     192
     218
     186
     170
     206
     160
     188
     203
     171
     206
     177
     152
     160
     186
     194
     192
     163
     175
     181
     156
     151
     177
     172
     176
     160
     173
     147
     167
     183
     165
     158
     145
     144
     134
     164
     146
     148
     142
     142
     120
     125
     145
     133
     122
     141
     122
     133
     112
     115
     127
     122
     119
     134
     115
     104
     126
     113
     111
      97
     116
     109
     109
     115
     105
      89
     104
     103
      93
      87
      98
     103
     102
      77
      92
      98
      93
      88
      89
      98
      86
      86
      87
      93
      74
      82
      80
      88
      83
      74
      94
      75
      94
      87
      84
     105
      72
      96
      75
      76
      98
      84
      78
      80
      76
      67
      65
      73
      85
      82
      83
      88
      77
      66
      66
      64
      69
      91
      72
      77
      79
      80
      74
      65
      70
      74
      78
      78
      81
      93
      80
      82
      77
      79
      78
      76
      76
      77
      81
      87
      83
      72
      85
      55
      83
      62
      66
      62
      64
      87
      80
      86
      67
      84
      74
      66
      77
      78
      83
      72
      68
      85
      75
      80
      66
      74
      87
      74
      74
      87
      67
      81
      69
      77
      85
      78
      77
      78
      74
      69
      82
      63
      61
      81
      77
      68
      52
      76
      67
      68
      79
      64
      78
      65
      81
      72
      61
      69
      69
      65
      59
      53
      66
      62
      69
      60
      79
      56
      66
      57
      50
      64
      64
      64
      50
      52
      59
      54
      41
      53
      59
      55
      58
      53
      44
      48
      51
      57
      45
      35
      50
      48
      52
      52
      46
      55
      56
      46
      51
      54
      51
      45
      48
      44
      41
      43
      43
      60
      40
      41
      54
      50
      50
      44
      53
      31
      49
      55
      37
      38
      49
      38
      49
      49
      34
      66
      34
      57
      42
      41
      34
      46
      45
      50
      44
      46
      38
      46
      51
      50
      41
      42
      33
      35
      42
      39
      53
      30
      36
      37
      43
      38
      39
      37
      49
      32
      45
      43
      43
      43
      40
      44
      48
      43
      41
      40
      51
      39
      44
      34
      49
      31
      41
      52
      42
      39
      46
      31
      51
      50
      50
      46
      33
      49
      40
      35
      41
      45
      34
      39
      43
      50
      48
      39
      41
      42
      43
      41
      51
      49
      40
      45
      44
      35
      45
      47
      44
      53
      36
      46
      39
      54
      53
      56
      55
      44
      35
      36
      47
      43
      43
      57
      50
      54
      48
      42
      57
      53
      41
      40
      59
      51
      48
      50
      45
      71
      60
      52
      56
      59
      60
      62
      60
      49
      55
      56
      65
      38
      63
      59
      45
      62
      47
      71
      63
      53
      52
      46
      73
      64
      58
      89
      49
      77
      56
      73
      67
      62
      74
      73
      66
      77
      74
      90
      70
      76
      72
      70
      71
      88
      65
      79
      83
      70
     103
      90
      93
      79
      98
      96
     100
      86
     101
      98
      96
     101
      94
     114
     118
     117
      93
     119
     128
     122
     108
     113
     105
     116
      99
     131
     125
     139
     130
     116
     128
     141
     149
     159
     129
     158
     134
     142
     148
     170
     154
     169
     149
     163
     143
     178
     163
     147
     184
     176
     179
     167
     196
     192
     183
     202
     190
     179
     200
     202
     197
     189
     182
     203
     211
     220
     200
     209
     215
     209
     223
     240
     230
     251
     225
     231
     245
     252
     218
     221
     214
     221
     244
     269
     224
     252
     232
     222
     227
     265
     260
     227
     253
     254
     241
     257
     259
     230
     229
     233
     254
     243
     273
     263
     244
     236
     213
     188
     242
     219
     241
     241
     244
     240
     222
     259
     227
     226
     220
     228
     220
     219
     221
     225
     211
     194
     208
     211
     201
     187
     184
     210
     220
     212
     170
     178
     189
     188
     186
     197
     189
     166
     160
     164
     179
     172
     167
     155
     154
     150
     144
     141
     135
     135
     134
     142
     143
     122
     119
     138
     113
     117
      93
     120
     101
     128
     104
     102
     105
      84
      82
     109
      98
      98
      97
      91
      79
      80
      74
      77
      93
      78
      80
      70
      92
      79
      73
      55
      55
      67
      73
      56
      56
      57
      59
      69
      56
      55
      56
      52
      48
      32
      45
      40
      47
      35
      44
      39
      45
      38
      43
      39
      45
      36
      31
      31
      28
      33
      29
      37
      28
      32
      36
      25
      27
      19
      33
      29
      31
      25
      25
      17
      20
      26
      29
      26
      22
      24
      23
      20
      22
      17
      27
      22
      22
      23
      23
      27
      16
      12
      15
      17
      18
      13
      19
      23
      21
      25
      17
      14
      16
      14
      18
      27
      23
      20
       9
      19
      20
      18
      14
      15
      23
      13
      17
      18
      13
      13
      15
      15
      17
      21
      15
      18
      17
      21
      15
      13
       8
      20
      16
      16
      20
      10
      14
      15
      16
      13
      14
      15
      23
       8
      13
      12
      18
      16
      21
      20
      19
      18
      14
      18
      15
      23
      15
      14
      20
      16
      20
      13
      11
      12
      13
       7
      16
      17
      14
      14
      11
      12
      16
      24
      16
      10
      17
      10
      15
      15
      17
      10
      16
       9
      13
      14
       9
      12
      14
       9
       7
      10
      10
      10
      12
      10
      12
      16
      13
      10
       7
      10
      15
      12
      13
      18
      14
       7
      12
       9
       9
      12
      12
      14
      18
      15
      13
      12
       9
       8
      13
      12
      10
       4
      14
      13
      14
       7
      11
      10
      13
      17
      12
       8
      10
      17
      12
      11
      10
      13
      14
      16
       6
       8
      14
      15
      12
       7
       9
      11
       7
       8
      13
      11
       7
       6
      11
      11
      11
      10
      12
       7
       8
       5
      14
      14
       5
       0
       0
       0
       0
       0
       0
       0
       0
       0
       0
       0
       0
       0
       0
       0
       0
       0
       0
       0
       0
       0
       0
       0
       0
       0
       0
       0
       0
       0
       0
       0
       0
$ROI:
0
$PRESETS:
None
0
0
$ENER_FIT:
0.000000 0.395817
$MCA_CAL:
3
0.000000E+000 3.958172E-001 0.000000E+000 keV
$SHAPE_CAL:
3
0.000000E+000 0.000000E+000 0.000000E+000
