$SPEC_ID:
Scatter
$SPEC_REM:
DET# 2
DETDESC# JLAB-11 MCB 133
AP# Maestro Version 7.01
$DATE_MEA:
10/26/2022 14:41:03
$MEAS_TIM:
522 542
$DATA:
0 2047
       0
       0
       0
       0
       0
       0
       0
       0
       0
       0
       0
       0
       0
       0
      17
      24
     485
    1415
    1253
    1122
     999
     852
     765
     688
     652
     581
     579
     586
     586
     578
     611
     545
     542
     556
     541
     633
     581
     616
     542
     589
     581
     586
     572
     610
     582
     602
     599
     607
     646
     625
     557
     637
     626
     647
     647
     685
     653
     678
     681
     734
     632
     728
     740
     814
     805
     875
     926
     986
    1076
    1185
    1364
    1456
    1673
    1938
    2268
    2512
    3024
    3455
    4034
    4587
    5314
    5970
    6667
    7524
    8021
    8940
    9641
    9852
   10302
   10483
   10707
   10518
   10341
    9933
    9643
    9202
    8545
    7615
    7140
    6512
    5777
    5109
    4846
    4157
    3632
    3286
    2881
    2553
    2151
    1973
    1723
    1561
    1458
    1245
    1115
    1044
     942
     929
     869
     794
     774
     702
     754
     750
     756
     827
     774
     762
     808
     808
     844
     902
     993
     946
    1004
    1080
    1061
    1149
    1155
    1284
    1241
    1249
    1398
    1458
    1464
    1469
    1498
    1563
    1590
    1628
    1546
    1570
    1550
    1554
    1494
    1502
    1529
    1431
    1407
    1478
    1343
    1303
    1253
    1246
    1253
    1236
    1176
    1100
    1102
    1117
    1105
    1123
    1094
    1163
    1126
    1146
    1137
    1128
    1224
    1258
    1160
    1231
    1209
    1245
    1297
    1304
    1293
    1338
    1397
    1376
    1361
    1360
    1383
    1306
    1406
    1346
    1405
    1320
    1378
    1489
    1456
    1490
    1564
    1679
    1686
    1736
    1776
    1848
    2068
    2086
    2226
    2299
    2533
    2718
    2789
    3049
    3160
    3478
    3623
    3796
    4092
    4322
    4641
    4702
    4910
    5092
    5210
    5535
    5620
    5881
    5930
    5833
    6193
    6002
    6003
    5832
    5940
    5848
    5693
    5575
    5480
    5177
    5003
    4820
    4538
    4325
    3975
    3809
    3637
    3318
    3082
    2955
    2658
    2444
    2192
    1995
    1899
    1765
    1553
    1433
    1302
    1259
    1151
    1068
    1028
     886
     891
     857
     785
     763
     735
     732
     720
     715
     674
     666
     685
     582
     637
     635
     601
     687
     615
     615
     649
     650
     692
     682
     664
     704
     674
     649
     651
     621
     689
     661
     657
     642
     685
     728
     687
     676
     685
     660
     705
     692
     714
     781
     727
     674
     714
     720
     728
     737
     704
     677
     776
     678
     740
     761
     764
     734
     745
     723
     765
     766
     785
     778
     717
     759
     733
     774
     737
     793
     723
     722
     776
     760
     771
     820
     716
     723
     736
     725
     728
     758
     768
     758
     683
     749
     726
     776
     789
     743
     714
     750
     749
     748
     774
     746
     734
     695
     773
     813
     774
     747
     804
     777
     778
     784
     819
     768
     773
     762
     752
     733
     837
     766
     759
     843
     818
     810
     851
     837
     811
     879
     868
     823
     895
     860
     891
     878
     898
     910
     869
     954
     876
     897
     933
     948
     904
     942
     979
     932
     945
    1027
     994
     961
     998
     956
    1004
    1070
    1035
    1050
    1095
    1012
    1048
     991
    1089
    1099
    1114
    1063
    1088
    1023
    1056
    1045
    1084
    1096
    1091
    1087
    1081
    1097
    1076
    1059
    1074
    1118
    1114
    1103
    1073
    1097
    1050
    1039
    1015
    1053
     982
    1038
    1075
    1112
    1013
    1026
    1065
     978
    1015
    1017
     982
    1018
     946
     971
     892
     939
     926
     883
     936
     911
     937
     839
     902
     904
     821
     852
     911
     839
     843
     814
     823
     797
     817
     828
     810
     757
     797
     828
     758
     767
     794
     756
     752
     746
     745
     698
     703
     706
     734
     698
     718
     720
     686
     709
     693
     682
     690
     732
     678
     715
     706
     700
     716
     714
     622
     679
     719
     667
     638
     633
     646
     663
     680
     612
     634
     650
     647
     622
     633
     611
     618
     608
     624
     590
     625
     580
     592
     565
     541
     595
     564
     595
     590
     583
     595
     602
     616
     565
     560
     553
     557
     554
     572
     525
     532
     581
     571
     495
     540
     525
     493
     535
     473
     506
     522
     517
     497
     494
     491
     501
     495
     515
     470
     518
     479
     441
     502
     515
     495
     468
     450
     473
     468
     406
     436
     478
     446
     435
     485
     447
     465
     431
     452
     447
     434
     443
     463
     395
     410
     421
     447
     426
     441
     474
     417
     453
     416
     411
     456
     425
     393
     443
     449
     426
     384
     416
     410
     412
     464
     419
     396
     432
     437
     450
     409
     427
     416
     428
     388
     425
     400
     420
     412
     377
     424
     421
     428
     425
     384
     365
     383
     397
     388
     409
     361
     397
     363
     369
     396
     337
     422
     376
     382
     379
     368
     383
     361
     375
     408
     342
     356
     375
     411
     407
     383
     334
     375
     364
     422
     368
     369
     359
     341
     349
     387
     342
     376
     367
     327
     358
     377
     409
     368
     379
     366
     364
     356
     428
     364
     396
     360
     381
     387
     373
     406
     383
     422
     388
     439
     395
     393
     397
     475
     452
     473
     458
     440
     464
     446
     476
     430
     479
     516
     520
     502
     538
     574
     546
     531
     574
     567
     584
     581
     593
     576
     636
     601
     637
     666
     633
     632
     705
     666
     737
     730
     648
     684
     693
     759
     728
     745
     745
     807
     724
     800
     773
     768
     848
     803
     792
     850
     790
     855
     837
     843
     894
     831
     881
     881
     875
     878
     839
     962
     876
     894
     902
     949
     904
     933
     959
     958
     970
     909
     997
     966
     940
     996
     951
    1036
    1029
    1052
     993
    1050
    1022
    1070
    1074
    1059
    1117
    1081
    1098
    1092
    1122
    1164
    1138
    1151
    1220
    1144
    1216
    1259
    1204
    1191
    1212
    1296
    1212
    1267
    1244
    1306
    1293
    1264
    1273
    1288
    1337
    1291
    1299
    1307
    1303
    1285
    1316
    1311
    1329
    1309
    1253
    1292
    1299
    1314
    1334
    1244
    1291
    1243
    1308
    1286
    1292
    1301
    1268
    1294
    1261
    1239
    1189
    1261
    1189
    1159
    1173
    1105
    1128
    1156
    1184
    1109
    1099
    1099
    1106
    1051
    1087
    1071
     985
    1014
     946
     982
     941
     903
     952
     930
     941
     915
     868
     899
     848
     865
     824
     786
     811
     818
     812
     810
     774
     761
     745
     764
     743
     792
     780
     744
     751
     758
     748
     786
     741
     797
     807
     818
     799
     847
     845
     829
     814
     885
     866
     885
     979
    1033
     960
    1024
    1072
    1047
    1042
    1066
    1202
    1211
    1238
    1213
    1235
    1348
    1319
    1334
    1454
    1451
    1515
    1517
    1593
    1596
    1607
    1741
    1751
    1717
    1809
    1833
    1856
    1859
    1947
    1980
    2080
    2104
    2128
    2085
    2194
    2184
    2195
    2285
    2301
    2380
    2430
    2331
    2337
    2371
    2487
    2415
    2682
    2539
    2596
    2700
    2594
    2578
    2670
    2663
    2642
    2778
    2781
    2805
    2789
    2802
    2853
    2856
    2924
    2900
    2794
    2891
    2783
    2902
    2835
    2858
    2809
    2785
    2764
    2858
    2795
    2837
    2692
    2706
    2781
    2616
    2646
    2639
    2573
    2603
    2654
    2532
    2491
    2503
    2503
    2345
    2474
    2368
    2276
    2275
    2260
    2168
    2186
    2233
    2096
    2046
    2068
    1983
    1949
    1923
    1835
    1855
    1829
    1793
    1756
    1724
    1683
    1641
    1604
    1549
    1475
    1485
    1450
    1417
    1448
    1328
    1306
    1280
    1252
    1240
    1158
    1145
    1170
    1081
    1054
    1042
    1018
     969
     945
     929
     937
     948
     922
     854
     862
     860
     822
     774
     759
     749
     754
     750
     698
     709
     670
     663
     635
     644
     661
     624
     584
     602
     564
     538
     511
     580
     498
     514
     539
     511
     465
     506
     474
     476
     468
     413
     443
     468
     466
     435
     414
     443
     381
     426
     380
     381
     380
     355
     347
     359
     324
     350
     328
     314
     327
     311
     322
     326
     262
     292
     260
     284
     273
     279
     267
     242
     251
     247
     220
     232
     221
     224
     217
     205
     198
     199
     187
     183
     192
     169
     184
     164
     162
     172
     152
     168
     158
     157
     152
     156
     159
     134
     142
     139
     147
     144
     143
     127
     125
     130
     142
     118
     115
     128
     123
     128
     139
     164
     140
     136
     152
     134
     142
     136
     131
     126
     112
     138
     119
     119
     127
     126
     133
     120
     125
     146
     119
     116
     109
     120
     130
     154
     126
     152
     127
     132
     150
     158
     135
     130
     149
     146
     144
     117
     152
     143
     151
     157
     148
     141
     143
     139
     139
     138
     151
     156
     124
     138
     120
     166
     144
     126
     143
     127
     150
     156
     137
     138
     112
     134
     139
     148
     132
     135
     125
     126
     136
     149
     126
     103
     119
     111
     119
     139
     113
     116
     117
     106
     114
     125
     119
     105
     104
     110
     136
     102
     113
      95
     102
     116
     115
      97
      91
      99
      95
      97
      67
      84
      88
      85
      94
      78
      74
      83
      72
      80
      94
      77
      74
      67
      71
      80
      75
      67
      80
      76
      70
      71
      65
      73
      65
      66
      63
      70
      64
      67
      54
      60
      69
      49
      54
      46
      69
      57
      48
      56
      67
      58
      65
      61
      61
      64
      66
      64
      53
      33
      55
      43
      70
      54
      72
      52
      64
      65
      62
      46
      55
      57
      49
      55
      49
      69
      57
      67
      68
      52
      54
      62
      54
      62
      57
      62
      53
      64
      49
      66
      64
      79
      55
      49
      67
      63
      58
      50
      45
      66
      63
      38
      54
      50
      67
      58
      43
      58
      56
      62
      55
      64
      58
      71
      71
      70
      61
      64
      66
      78
      67
      64
      62
      67
      64
      76
      61
      63
      62
      77
      66
      61
      86
      57
      64
      58
      63
      64
      55
      67
      71
      54
      59
      64
      62
      70
      69
      58
      68
      47
      59
      53
      65
      69
      72
      70
      61
      58
      62
      73
      67
      56
      66
      52
      60
      52
      52
      58
      65
      61
      43
      51
      62
      58
      68
      52
      39
      48
      60
      51
      49
      60
      55
      57
      56
      56
      49
      47
      45
      39
      41
      48
      33
      60
      54
      51
      41
      42
      43
      34
      28
      29
      46
      38
      32
      37
      38
      38
      42
      26
      28
      43
      34
      34
      40
      38
      34
      40
      38
      44
      42
      29
      35
      35
      30
      30
      28
      26
      32
      33
      30
      26
      45
      33
      31
      40
      30
      28
      27
      28
      23
      40
      29
      24
      30
      31
      19
      28
      16
      30
      37
      24
      32
      22
      25
      28
      33
      28
      31
      22
      28
      28
      33
      27
      36
      26
      29
      29
      26
      23
      32
      25
      34
      21
      29
      24
      21
      26
      20
      35
      25
      27
      26
      34
      29
      27
      22
      24
      34
      31
      26
      25
      27
      32
      28
      26
      24
      30
      33
      22
      27
      29
      28
      31
      16
      24
      35
      30
      29
      18
      26
      24
      19
      31
      21
      22
      23
      31
      24
      28
      31
      37
      23
      31
      33
      25
      36
      27
      40
      24
      23
      25
      39
      33
      27
      31
      32
      22
      25
      23
      23
      34
      31
      28
      31
      25
      24
      19
      32
      33
      29
      34
      20
      31
      26
      28
      29
      35
      25
      25
      29
      29
      35
      22
      25
      24
      29
      35
      30
      22
      24
      25
      28
      28
      39
      24
      32
      31
      32
      26
      20
      30
      35
      34
      30
      28
      26
      37
      24
      32
      25
      33
      26
      21
      21
      25
      31
      29
      28
      31
      33
      31
      28
      34
      32
      37
      29
      29
      39
      29
      24
      27
      30
      27
      30
      26
      34
      32
      35
      31
      33
      39
      33
      27
      27
      33
      28
      26
      33
      39
      30
      39
      34
      27
      36
      39
      40
      37
      26
      36
      30
      34
      35
      35
      39
      31
      33
      39
      33
      37
      29
      32
      40
      37
      33
      31
      34
      30
      43
      24
      50
      33
      33
      40
      35
      30
      36
      31
      33
      40
      30
      35
      40
      30
      47
      37
      40
      43
      36
      38
      43
      35
      37
      41
      42
      40
      51
      30
      32
      42
      38
      32
      35
      37
      31
      34
      40
      41
      44
      43
      44
      57
      53
      28
      45
      40
      44
      33
      42
      45
      36
      41
      42
      33
      39
      44
      34
      42
      36
      30
      48
      49
      34
      46
      44
      39
      42
      37
      34
      44
      46
      42
      36
      34
      35
      33
      44
      41
      35
      34
      31
      35
      33
      42
      54
      37
      43
      28
      31
      37
      43
      46
      40
      37
      34
      47
      31
      37
      30
      41
      38
      29
      27
      34
      25
      41
      43
      32
      31
      30
      22
      32
      24
      39
      34
      28
      27
      32
      15
      30
      24
      23
      30
      28
      22
      23
      28
      22
      22
      20
      24
      19
      22
      20
      27
      19
      21
      25
      23
      21
      28
      18
      36
      32
      22
      18
      24
      20
      34
      28
      21
      19
      30
      22
      13
      20
      15
      15
      21
      17
      13
      19
      20
      16
      26
      19
      16
      18
      28
      18
      16
      13
      13
      18
      16
      17
      11
      17
      14
      26
      11
      12
      14
      17
      15
      21
      15
      13
      10
      14
      15
      17
      18
      11
      20
      12
      13
      19
      22
      18
      18
      16
      17
      16
       8
      17
      23
      16
      13
      12
      13
      10
      17
      16
      24
      16
      18
      15
      14
      17
      14
      19
      22
      19
      10
       9
      17
      11
      18
      10
      12
      14
       8
      15
      17
      10
       6
      17
       9
      14
       9
      21
      17
       9
      16
      15
       8
      13
      13
      20
      25
      13
      12
      13
      11
      14
       8
      12
      21
      17
      11
      13
      10
      17
      13
       9
      14
       9
      11
      15
      11
      13
      19
       8
      12
      14
      15
      16
      13
      10
      10
      15
       9
       9
       9
      12
      13
       6
      12
      15
      12
       5
      20
       9
       8
       6
      14
      10
      14
      19
      13
      11
       6
      12
       9
      12
      13
      14
       9
       8
       8
       6
      11
      13
      12
       5
      11
       8
      12
      12
       9
      10
      11
      12
      11
      11
       9
       9
       5
      11
      15
      14
       5
       0
       0
       0
       0
       0
       0
       0
       0
       0
       0
       0
       0
       0
       0
       0
       0
       0
       0
       0
       0
       0
       0
       0
       0
       0
       0
       0
       0
       0
       0
       0
       0
$ROI:
0
$PRESETS:
None
0
0
$ENER_FIT:
0.000000 0.402362
$MCA_CAL:
3
0.000000E+000 4.023622E-001 0.000000E+000 keV
$SHAPE_CAL:
3
0.000000E+000 0.000000E+000 0.000000E+000
