$SPEC_ID:
Recoil
$SPEC_REM:
DET# 3
DETDESC# JLAB-11 MCB 134
AP# Maestro Version 7.01
$DATE_MEA:
10/26/2022 15:05:59
$MEAS_TIM:
1802 1864
$DATA:
0 2047
       0
       0
       0
       0
       0
       0
       0
       0
       0
       0
       0
       0
       0
       0
       0
       0
       0
       0
       0
       0
       0
       0
       0
       0
       0
       0
       0
       0
       0
       0
       0
       0
       0
       0
       0
       0
       0
       1
       0
       0
       0
       0
       0
       0
       0
       0
       0
       0
       0
       1
       0
       1
       0
       0
       0
       0
       0
       0
       2
       0
       1
       0
       0
       1
       2
       1
       0
       1
       0
       0
       2
       0
       3
       0
       0
       0
       1
       1
       1
       0
       0
       1
       1
       0
       0
       3
       1
       0
       3
       0
       0
       2
       0
       2
       2
       1
       0
       4
       0
       4
       1
       3
       1
       2
       1
       5
       1
       0
       3
       3
       3
       2
       3
       0
       0
       2
       4
       0
       1
       1
       3
       3
       2
       2
       1
       0
       0
       3
       2
       1
       0
       1
       1
       0
       0
       0
       2
       1
       1
       1
       3
       2
       1
       0
       2
       2
       1
       1
       2
       2
       0
       1
       0
       3
       0
       2
       2
       3
       1
       2
       0
       3
       2
       2
       4
       3
       2
       3
       3
       1
       0
       1
       1
       2
       0
       1
       1
       2
       3
       2
       3
       0
       3
       1
       1
       0
       3
       1
       1
       3
       2
       3
       1
       2
       1
       1
       1
       2
       1
       2
       1
       0
       4
       3
       3
       2
       2
       5
       2
       1
       3
       2
       4
       7
       1
       1
       5
       3
       2
       1
       2
       1
       0
       3
       4
       4
       1
       0
       6
       3
       4
       0
       2
       6
       4
       1
       6
       1
       1
       5
       2
       4
       3
       5
       1
       5
       0
       2
       3
       3
       1
       3
       5
       2
       0
       3
       3
       3
       0
       1
       3
       2
       3
       0
       4
       1
       4
       1
       5
       1
       2
       5
       4
       1
       2
       3
       3
       2
       2
       1
       4
       2
       2
       2
       1
       2
       2
       1
       3
       1
       2
       3
       3
       3
       4
       6
       2
       0
       2
       5
       3
       1
       2
       3
       4
       4
       6
       4
       2
       3
       4
       3
       1
       3
       1
       3
       2
       7
       3
       4
       7
       3
       3
       2
       3
       4
       3
       2
       5
       2
       2
       3
       3
       2
       1
       3
       6
       2
       5
       4
       3
       4
       2
       2
       6
       2
       2
       5
       5
       4
       3
       4
       1
       3
       3
       2
       6
       3
       4
       2
       3
       3
       2
       5
       1
       2
       2
       4
       5
       4
       2
       6
       3
       3
       5
       4
       3
       3
       4
       4
       1
       4
       5
       5
       1
       4
       2
       4
       8
       5
       6
       2
       8
       6
       6
       4
       2
       2
       6
       6
       5
       4
       5
       5
       9
       2
       1
       7
       5
       5
       5
       7
       7
       4
       9
       5
       2
       4
       6
       8
       6
       6
       5
       9
       5
       8
       8
       3
       8
       4
       4
       7
       6
       1
       3
       5
       5
       8
       8
       5
       4
       6
       2
       6
       6
       4
       5
       7
       4
       3
       6
       1
       1
       7
       9
      12
       7
       3
       5
       5
       6
       5
       3
       3
       8
       3
       3
       3
       7
       8
       6
       6
       9
       7
       9
       6
       5
       7
       4
       5
      10
       4
       4
       2
       2
       8
       7
       8
      15
      10
       8
       6
       3
       5
      14
       4
       6
      13
      12
       8
      12
       9
       7
       7
       5
       6
       7
       9
       4
      17
      10
       9
       7
      10
      14
      13
      10
      10
       7
       6
      12
      11
       8
      13
      10
       9
       9
       8
       7
      12
       2
       6
      12
       7
       5
      10
       8
      12
      11
      11
      12
      12
      10
       8
      10
      10
      20
       4
       5
       9
      10
       9
       9
       7
       6
      12
      19
      12
      16
      10
      12
       9
      12
      10
      14
       9
      12
      13
      14
       8
      11
      14
      15
      13
      18
      12
       9
      14
      13
      12
      10
       9
      16
      12
      14
       9
      22
      13
       5
      16
      14
      19
      17
       9
       7
      10
      11
      13
      17
      14
      19
      11
      17
      10
      12
      11
       9
       7
      14
      17
      19
      14
      14
       9
      11
       8
       4
       9
      13
      14
      11
       9
      24
      14
      12
      19
      11
      24
      10
      11
      17
      17
      12
      18
      11
      18
      16
      15
      16
      12
      16
       9
      21
      11
      14
      17
      18
      11
      25
      12
      22
      10
      21
      14
      12
      22
      16
      20
      19
      16
      14
      20
      20
      14
      18
      14
      16
      18
      11
      20
      16
      14
      15
      11
      14
      27
      10
      10
      20
      17
      10
      22
      18
      13
      18
      12
      21
      15
      11
      17
      11
       6
      25
      15
      15
      26
      11
      10
      14
      15
      19
      16
      26
      15
      15
      14
      16
      20
      16
      14
      18
      13
      20
      11
      14
      11
      15
       8
      12
      16
      13
      11
      11
      11
      13
      15
      17
      15
      16
      15
      14
      17
      12
      16
      18
      15
      19
      13
      10
      11
       8
      15
      16
       9
      16
      15
      10
      13
      15
      13
       7
      11
      10
       8
       9
      10
      15
       7
       9
       1
       2
      12
      14
       8
       5
      10
       7
       8
       5
      10
       5
       9
       5
       8
      13
       7
       9
      10
       4
       8
       7
       3
      15
      12
       9
       4
       3
       5
       7
       5
       9
       8
       7
      10
       4
      10
      10
       5
       3
      10
       3
       8
       8
       7
       6
       8
       3
       9
       6
       7
       5
       6
       7
       9
       5
       5
       4
       7
       8
       8
       9
      12
       8
       6
      13
       3
       7
       8
       3
       3
       5
       6
       5
       4
       7
       8
       4
       7
       4
      10
       9
       6
       5
       8
       4
       4
       9
       5
       3
       3
       3
       6
       7
       4
      12
       6
       4
      10
       8
       6
       7
       8
       5
       9
       7
       7
       6
       7
       6
       3
       0
       8
       7
       7
       7
       4
       6
       7
       1
       2
       6
       5
       3
       4
       3
       3
       2
       6
       2
       7
       4
       5
       4
       8
      10
       8
       6
       8
       5
       5
       7
       7
       5
       5
       6
       4
       4
       4
       8
       8
       8
       6
       8
       5
       6
       5
       9
       6
       4
       4
       2
       7
       4
       2
       5
       3
       5
       3
       9
       6
       5
       3
       8
      10
       3
       3
       4
       7
       5
       9
       2
       2
       2
       7
       7
       5
       2
       5
       4
       3
       8
       6
       4
       8
       7
       6
       6
       2
       3
       8
       7
       5
       3
       6
       3
       6
       8
       5
       9
       5
       5
       8
       0
       8
       3
       7
       3
       4
       3
       7
      11
       5
       7
       5
       3
       7
       8
       6
       6
       3
       4
       9
       2
       4
       6
      10
      10
       5
       6
       4
       6
      10
       6
       4
       3
       5
       5
       3
       4
       5
      10
       5
       3
       5
       3
       3
       8
       8
      11
       3
       9
       6
       5
       7
       5
       5
       6
       4
       7
       5
      10
       3
       3
       6
       5
       3
       6
       2
       6
       2
       2
       7
       2
       3
       1
       3
      11
       4
       3
       3
       6
       7
       5
       7
       3
       2
       4
       3
       8
       3
       4
       5
       4
       2
       4
       6
       3
       8
       4
       6
       4
       8
       5
       2
       2
       3
       4
       4
       8
       6
       2
       3
       5
       5
       4
       2
       7
       6
       3
       4
       9
       5
       4
       4
       1
       8
       6
       7
       2
       3
       2
       2
       7
       1
       5
       2
       2
       5
       4
       6
       5
       2
       5
       5
       8
       4
       6
       6
       5
       3
       2
       6
       2
       7
       4
       3
       6
       7
       4
       2
       6
       2
       2
       3
       4
       3
       5
       4
       4
       6
       3
       4
       2
       4
       4
       2
       5
       5
       3
       4
       2
       2
       8
       9
       5
       2
       4
       5
       2
       3
       1
       5
       6
       1
       3
       2
       2
       3
       3
       4
       0
       5
       6
       4
       2
       1
       4
       4
       4
       2
       2
       4
       6
       3
       2
       5
       2
       3
       2
       6
       0
       5
       0
       1
       3
       3
       6
       1
       5
       2
       4
       1
       1
       4
       2
       2
       0
       6
       3
       1
       1
       4
       2
       1
       1
       5
       3
       2
       0
       3
       2
       4
       2
       1
       4
       2
       2
       7
       2
       2
       4
       5
       2
       3
       2
       0
       4
       4
       2
       3
       4
       1
       3
       2
       2
       2
       2
       3
       1
       3
       2
       1
       2
       2
       2
       4
       1
       0
       3
       3
       1
       0
       0
       1
       2
       3
       4
       1
       0
       0
       3
       2
       0
       2
       3
       1
       3
       1
       2
       2
       3
       2
       2
       2
       3
       1
       0
       2
       3
       0
       1
       2
       2
       0
       2
       1
       3
       3
       0
       2
       4
       1
       3
       0
       3
       0
       3
       1
       1
       1
       0
       2
       2
       0
       4
       3
       1
       0
       1
       1
       0
       0
       1
       1
       2
       1
       1
       1
       0
       3
       2
       1
       1
       1
       2
       1
       0
       2
       0
       0
       1
       2
       1
       1
       3
       2
       1
       0
       3
       3
       0
       3
       0
       1
       1
       1
       4
       0
       1
       1
       3
       2
       3
       0
       1
       1
       1
       0
       3
       0
       0
       0
       2
       1
       1
       1
       2
       0
       1
       1
       1
       2
       1
       4
       2
       1
       0
       2
       1
       2
       0
       2
       2
       0
       0
       0
       3
       1
       1
       1
       0
       0
       3
       1
       0
       0
       0
       1
       1
       1
       1
       0
       0
       0
       0
       0
       0
       1
       1
       0
       0
       0
       4
       1
       1
       0
       0
       0
       1
       0
       0
       2
       1
       2
       2
       0
       0
       0
       0
       1
       0
       0
       2
       1
       0
       1
       0
       0
       1
       1
       1
       2
       0
       2
       0
       0
       0
       0
       0
       1
       2
       1
       2
       1
       0
       2
       0
       1
       0
       1
       0
       0
       2
       0
       1
       1
       0
       1
       0
       0
       0
       0
       1
       0
       0
       0
       0
       0
       0
       0
       2
       0
       2
       0
       0
       0
       1
       2
       0
       0
       0
       0
       2
       2
       0
       0
       1
       0
       0
       0
       0
       0
       2
       0
       0
       1
       0
       0
       0
       1
       2
       0
       0
       2
       3
       1
       0
       0
       3
       0
       0
       1
       3
       0
       1
       1
       0
       0
       1
       1
       2
       3
       2
       1
       0
       1
       1
       1
       1
       1
       1
       2
       2
       1
       1
       0
       1
       0
       2
       0
       0
       0
       5
       1
       1
       0
       2
       3
       0
       2
       1
       1
       0
       1
       0
       2
       1
       1
       1
       2
       3
       3
       2
       1
       1
       2
       0
       1
       1
       0
       2
       1
       0
       0
       0
       0
       0
       2
       1
       3
       1
       4
       4
       2
       3
       3
       2
       1
       1
       3
       2
       1
       2
       0
       3
       5
       2
       3
       3
       4
       5
       3
       5
       3
       3
       0
       3
       3
       2
       2
       5
       1
       5
       1
       5
       2
       2
       2
       6
       3
       5
       4
       3
       2
       3
       4
       4
       5
       4
       3
       3
       9
       9
       6
       5
       3
       1
       5
       7
       5
      10
       9
       4
       3
       8
       6
       5
       2
       9
       7
       5
       7
       9
       9
       6
       6
       9
       5
       8
       9
       5
       6
       5
       6
      10
       3
       7
       6
       5
       9
       4
       8
       5
       7
       8
       8
      10
       3
       9
      10
       7
       4
       6
      10
       4
       5
      10
       6
       7
      10
       7
       5
       7
       6
       4
       7
      12
       3
       9
       6
      10
       4
       5
       5
      10
       6
       6
       5
       3
       3
       6
       2
       2
       9
       4
       5
       6
       4
       8
       4
       5
       7
       1
       5
       7
       1
       3
       5
       4
       5
       1
       5
       1
       7
       5
       3
       2
       2
       4
       5
       4
       3
       6
       1
       4
       5
       5
       7
       6
       4
       0
       3
       3
       3
       0
       2
       1
       3
       1
       2
       1
       1
       3
       0
       1
       3
       1
       6
       1
       2
       1
       2
       3
       2
       2
       2
       1
       0
       1
       0
       2
       0
       1
       1
       1
       1
       0
       1
       2
       0
       1
       0
       1
       1
       2
       0
       3
       0
       1
       0
       1
       0
       1
       1
       0
       1
       0
       1
       0
       0
       1
       0
       0
       0
       0
       0
       0
       0
       0
       0
       1
       0
       0
       0
       0
       0
       0
       1
       0
       0
       0
       1
       0
       0
       0
       0
       1
       0
       0
       1
       0
       0
       0
       0
       0
       0
       0
       0
       0
       0
       1
       0
       0
       0
       0
       1
       0
       0
       0
       0
       0
       0
       0
       0
       1
       0
       1
       0
       1
       0
       0
       2
       0
       0
       0
       0
       0
       0
       0
       0
       0
       0
       0
       1
       0
       0
       0
       0
       0
       0
       1
       0
       0
       0
       1
       0
       0
       0
       0
       1
       0
       1
       1
       0
       0
       0
       0
       1
       0
       0
       0
       1
       0
       0
       0
       0
       1
       2
       0
       1
       0
       0
       0
       0
       0
       0
       0
       0
       0
       0
       0
       0
       0
       0
       0
       0
       0
       0
       0
       0
       0
       0
       0
       0
       0
       1
       0
       0
       1
       1
       0
       0
       0
       0
       0
       0
       0
       1
       0
       0
       0
       0
       0
       0
       0
       0
       0
       0
       1
       0
       1
       0
       0
       0
       0
       0
       0
       0
       0
       0
       0
       0
       0
       0
       0
       0
       0
       0
       0
       0
       0
       0
       1
       0
       0
       1
       0
       0
       0
       0
       0
       0
       0
       0
       0
       0
       0
       0
       0
       0
       0
       0
       0
       0
       0
       0
       0
       0
       0
       0
       0
       0
       0
       0
       0
       0
       0
       0
$ROI:
0
$PRESETS:
None
0
0
$ENER_FIT:
0.000000 0.395817
$MCA_CAL:
3
0.000000E+000 3.958172E-001 0.000000E+000 keV
$SHAPE_CAL:
3
0.000000E+000 0.000000E+000 0.000000E+000
