$SPEC_ID:
Recoil
$SPEC_REM:
DET# 3
DETDESC# JLAB-11 MCB 134
AP# Maestro Version 7.01
$DATE_MEA:
10/26/2022 16:25:30
$MEAS_TIM:
1768 1896
$DATA:
0 2047
       0
       0
       0
       0
       0
       0
       0
       0
       0
       0
       0
       0
       0
       0
       0
       0
       0
       0
       0
       0
       0
       0
       0
       0
       0
       0
       0
       0
       0
       0
       0
       0
       0
       0
       0
       0
       0
       0
       0
       0
       0
       0
       0
       0
       0
       0
       0
       0
       0
       0
       1
       1
       0
       0
       0
       0
       1
       0
       0
       1
       0
       0
       1
       0
       1
       0
       1
       4
       0
       3
       0
       1
       0
       0
       1
       3
       0
       0
       1
       1
       0
       3
       0
       3
       1
       0
       2
       0
       1
       1
       1
       3
       1
       1
       1
       0
       3
       2
       1
       1
       2
       5
       2
       2
       3
       3
       1
       2
       3
       2
       2
       3
       1
       4
       1
       3
       1
       3
       3
       3
       3
       0
       2
       0
       2
       3
       1
       3
       0
       3
       5
       1
       2
       3
       2
       3
       1
       2
       4
       2
       4
       1
       1
       2
       3
       4
       3
       2
       4
       5
       1
       2
       1
       2
       2
       2
       4
       2
       7
       5
       3
       2
       1
       3
       1
       3
       4
       1
       2
       3
       3
       2
       0
       2
       4
       3
       3
       4
       5
       2
       5
       0
       2
       4
       1
       4
       1
       1
       2
       2
       4
       7
       1
       4
       4
       2
       5
       3
       3
       2
       3
       2
       4
       4
       2
       3
       4
       4
       6
       6
       5
       7
       7
       4
       3
       4
       1
       4
       4
       7
       7
       4
       5
       4
       5
       5
       3
       5
       6
       6
       1
       3
      10
       3
       5
       8
       2
       3
      10
       3
       5
       5
       4
       4
       4
       5
       4
       1
       6
       6
      11
       2
       7
       8
       3
       5
       8
       3
       7
      10
      10
       4
       2
       4
       6
       4
       4
       3
       4
       7
       6
       2
       4
       3
       4
       3
       9
       2
       6
       6
       3
       5
       4
       5
       4
       6
       4
       2
       3
       8
       3
       3
       2
       3
       3
       5
       1
       8
       6
       5
       6
       9
       3
       2
       6
       3
       7
       1
       1
       4
       4
       6
      11
       5
       6
       6
       5
       3
       9
       7
       3
       7
      12
       3
       5
       5
       5
       4
       4
       5
       4
       8
       4
       6
       5
      10
       3
       7
       9
       9
       2
       5
       8
       6
       6
       8
      12
       3
       3
       4
       6
       8
       6
       6
       4
       5
       7
      10
       5
       4
       6
      14
       6
       4
       4
       9
       4
       8
       6
       7
       7
       8
       7
       8
       6
       7
       8
       7
       5
       5
       5
       5
       5
       6
      11
       7
       8
       8
       5
       8
       6
      11
       9
       7
       3
       6
       3
       6
      12
      14
       6
       6
       9
       6
       7
       9
       8
      16
       8
      10
       8
      11
       6
      16
      12
       2
       6
       7
      14
       6
      11
       6
       8
       9
       9
      11
      10
      11
       6
       9
       9
      12
      11
      15
      17
       9
       7
      12
      12
       3
      19
      13
      14
      12
      11
      10
      14
      15
      17
      12
      12
      14
      13
      15
      12
      12
      20
      14
      16
       8
      12
      15
       9
      17
      23
      10
      17
      12
      15
      19
      12
      21
      13
      22
      15
      11
      22
      13
      14
      16
      13
      21
      26
      13
      12
      22
      15
      12
      17
      11
      19
      21
      11
      21
      26
      16
      19
      22
      20
      17
      22
      20
      14
      21
      17
      26
      20
      15
      15
      18
      11
      27
      19
      31
      25
      17
      34
      18
      12
      23
      17
      26
      23
      29
      20
      19
      20
      27
      23
      22
      32
      15
      18
      25
      21
      19
      28
      26
      18
      26
      26
      15
      20
      24
      28
      34
      27
      22
      28
      25
      23
      28
      16
      29
      25
      18
      23
      29
      18
      27
      21
      28
      28
      25
      24
      20
      43
      20
      25
      29
      22
      25
      17
      28
      32
      25
      23
      21
      28
      33
      12
      28
      28
      31
      31
      30
      34
      32
      34
      33
      26
      36
      24
      29
      27
      26
      31
      24
      33
      32
      20
      29
      32
      29
      30
      27
      25
      22
      30
      31
      28
      23
      27
      34
      25
      40
      30
      28
      28
      26
      21
      38
      32
      33
      25
      32
      21
      24
      18
      30
      35
      35
      31
      32
      22
      35
      13
      29
      26
      39
      30
      29
      31
      31
      20
      31
      33
      35
      41
      42
      27
      32
      39
      29
      29
      33
      36
      39
      32
      38
      35
      34
      27
      20
      25
      31
      27
      30
      34
      40
      36
      42
      25
      42
      34
      39
      39
      30
      36
      48
      39
      29
      33
      18
      31
      33
      23
      29
      34
      34
      28
      31
      24
      31
      44
      33
      27
      35
      30
      35
      28
      26
      27
      29
      35
      19
      29
      27
      28
      28
      32
      31
      41
      23
      38
      32
      27
      26
      22
      28
      32
      16
      22
      20
      16
      18
      24
      19
      31
      21
      35
      27
      25
      19
      20
      28
      20
      31
      19
      22
      22
      29
      20
      22
      22
      24
      24
      16
      18
      16
      16
      22
      19
      19
      26
      20
      17
      25
      15
      15
      27
      18
      26
      17
      16
      21
      24
      25
      16
      19
      18
      18
       8
      14
      10
      20
      18
      19
      17
      14
      16
      15
      12
      14
      20
      16
      15
      14
      16
      16
      12
      11
      18
      17
      16
      19
      18
      21
      15
      11
      14
      10
      13
      16
      11
      15
      19
      16
       9
       9
      18
       9
      15
      15
       9
      16
       7
      18
      10
      11
       6
      13
      14
      13
      11
      13
      10
      11
      19
      15
      17
       8
      16
      13
      16
      19
      13
       9
       6
      15
      19
      14
      13
      13
      14
      13
      14
      12
      13
      13
      13
      18
      13
      15
       7
       8
      12
      17
      14
      12
       4
       7
       9
       9
       8
       9
       8
       9
      15
      18
      12
       4
      11
      10
       9
       9
      10
      12
      12
       7
       9
      13
       9
      12
      12
       7
      11
       9
      11
      17
      15
      11
      11
       8
      13
       9
       8
       8
      12
      18
      18
      13
      13
      16
      12
      13
      12
       6
      12
       6
       9
      11
      11
      15
      14
      10
      15
      12
      11
       8
      10
       9
       9
      12
      20
      16
      12
      13
       9
      11
      13
      10
       6
       9
      12
       5
      15
       8
      12
      13
      10
      12
      12
       5
      10
       6
      12
       7
       6
      10
       8
      12
      13
      14
      14
       7
      10
      15
      13
       8
      13
      14
      10
      11
       5
      13
       8
      11
      13
       8
      14
      10
       7
       9
      14
      13
      14
       8
      16
      11
       9
       9
      14
      16
       7
      19
      12
      14
      14
      13
       6
      12
       7
      10
      13
      10
      12
      12
      14
      11
       4
      11
      13
       6
       8
       9
      11
       5
      12
       9
      10
      13
       9
      14
       7
       8
      13
       7
       8
      14
       6
       5
       7
       9
       5
      14
       8
      11
      13
      10
       8
      10
       9
      10
       4
      12
      12
      14
       9
      10
      11
      10
       9
       9
       9
      11
      16
       8
       8
      12
      10
       9
      12
      15
       8
      12
       7
       8
       9
      11
       9
       6
       6
      15
      13
      12
       4
       5
      10
       6
       7
       9
       5
       9
      12
      11
      12
      11
       7
       8
      16
      12
      17
      15
      10
      14
       8
       7
       5
       2
      15
      13
      10
      12
       5
       9
       4
       3
       6
      13
       9
       7
      10
       3
       7
       9
       8
       7
       6
      15
       9
       8
       7
       4
       8
       8
       4
      11
       7
       8
       5
       8
       5
       8
      14
      10
      10
      10
      17
       6
       8
      11
       8
       3
      12
       5
       9
       9
       5
       9
       8
      11
       9
       7
       8
       9
      11
       5
       8
       4
       4
       6
       9
       8
       4
       4
       9
       9
       6
      13
       8
       6
      15
       6
       4
       5
       9
       6
       8
       7
       8
       5
       7
       9
      10
      10
       9
       8
      14
      13
       5
       9
       6
       7
      10
       6
      13
       3
      10
       8
       7
      11
      12
       3
       8
       3
       2
      11
       4
       5
      10
       7
       7
       8
      10
       6
       6
       7
       7
       7
       8
       4
       3
       9
       4
       4
       3
       7
       5
       9
       3
       5
       8
       9
       4
       4
       4
       8
       3
       8
       5
       5
       7
       5
       9
       8
       7
       5
       7
      10
      13
       2
       4
       2
       4
       1
       7
       6
       3
       3
       3
       3
       7
       5
       1
       3
       1
       2
       3
       5
       9
       5
       6
       7
       3
       1
       4
       3
       4
       8
       1
       6
       5
       7
       6
       6
       2
       4
       4
       6
       3
       5
       2
       3
       3
       4
       4
       5
       7
       4
       4
       5
       4
       2
       2
       4
       3
       5
       8
       0
       1
       6
       3
       5
       6
       4
       1
       6
       9
       4
       6
       9
       3
       0
       3
       1
       2
       3
       3
       1
       4
       4
       3
       2
       1
       2
       2
       4
       5
       2
       2
       5
       4
       6
       6
       3
       0
       2
       4
       3
       5
       2
       4
       2
       3
       1
       6
       4
       8
       3
       1
       2
       2
       3
       3
       3
       0
       0
       2
       0
       3
       0
       5
       3
       2
       1
       2
       3
       1
       1
       1
       3
       0
       4
       3
       1
       3
       3
       2
       0
       2
       4
       1
       0
       1
       4
       0
       1
       2
       1
       0
       2
       2
       1
       1
       1
       1
       1
       3
       1
       0
       4
       0
       0
       3
       1
       0
       3
       3
       1
       5
       1
       2
       2
       0
       2
       0
       1
       4
       2
       0
       3
       0
       3
       2
       1
       3
       2
       0
       0
       1
       2
       2
       1
       1
       2
       3
       2
       3
       3
       1
       3
       0
       3
       1
       1
       3
       0
       2
       1
       1
       4
       2
       0
       3
       1
       0
       2
       0
       1
       4
       4
       0
       2
       2
       1
       0
       4
       1
       2
       1
       3
       1
       1
       0
       2
       2
       0
       2
       1
       1
       1
       1
       0
       3
       1
       2
       1
       3
       2
       1
       0
       0
       1
       0
       1
       4
       1
       1
       3
       0
       2
       3
       0
       1
       1
       1
       1
       1
       2
       2
       3
       2
       2
       2
       0
       1
       3
       1
       4
       0
       1
       2
       2
       2
       2
       1
       0
       2
       1
       1
       2
       4
       0
       2
       0
       1
       0
       0
       1
       0
       3
       2
       1
       2
       3
       0
       3
       0
       1
       1
       1
       2
       2
       4
       2
       0
       2
       2
       2
       3
       2
       1
       2
       1
       2
       1
       1
       2
       2
       1
       1
       1
       3
       2
      10
       2
       5
       3
       2
       1
       1
       1
       5
       3
       2
       0
       3
       1
       3
       3
       4
       1
       2
       2
       3
       1
       4
       6
       0
       5
       4
       2
       0
       2
       6
       7
       3
       6
       1
       4
       5
       2
       4
       4
       3
       2
       5
       3
       3
       3
       4
       3
       3
       4
       2
       3
       5
       3
       4
       8
       9
       3
       5
       4
       6
       4
       6
       3
       6
       6
       9
       3
       5
       4
       5
       3
       7
       6
       6
       4
       8
       8
       9
       5
       5
       9
       8
      10
      10
       8
      11
      10
       9
       8
       9
      10
       8
      10
      10
      10
      12
       9
      12
      11
      12
      12
      10
       4
      12
       8
      14
      11
      18
      11
      18
       7
      18
      13
      14
      13
      11
      19
      13
      12
      12
      17
      15
      11
      11
      11
      18
      14
      11
      16
       8
       9
      11
      14
      16
      15
      14
      14
      21
      14
      18
      15
      11
      12
      21
      16
      20
      12
      11
      11
      11
      13
      19
       8
      12
      18
      21
       9
      10
      14
      11
      15
      13
      14
      10
      18
      14
       9
       8
      11
       7
      12
       9
      19
      18
       9
      18
      12
       9
      13
      15
       7
      16
      15
      16
      13
      11
      11
       9
      10
      11
      10
       8
      12
      10
       8
       9
      10
       6
       6
       7
       7
       4
       9
       8
       8
      11
       6
      12
       4
       5
       2
       2
       4
       5
       5
       6
       8
       6
       5
       2
       5
       6
       6
       3
       3
       6
       3
       5
       2
       2
       4
       3
       3
       0
       2
       2
       5
       6
       0
       3
       1
       5
       0
       1
       1
       3
       3
       1
       4
       6
       1
       1
       1
       3
       2
       2
       2
       3
       2
       0
       3
       5
       3
       0
       0
       0
       1
       0
       0
       0
       1
       1
       1
       0
       0
       1
       0
       1
       1
       0
       0
       1
       1
       2
       2
       1
       0
       0
       0
       0
       0
       0
       1
       0
       0
       0
       1
       0
       1
       0
       1
       0
       0
       1
       0
       0
       0
       1
       0
       2
       0
       0
       0
       0
       0
       0
       0
       0
       1
       0
       0
       0
       2
       2
       0
       0
       0
       0
       1
       1
       0
       0
       1
       0
       1
       1
       0
       0
       0
       0
       0
       0
       1
       0
       1
       0
       0
       0
       0
       0
       0
       0
       1
       2
       1
       0
       0
       0
       0
       0
       0
       2
       0
       1
       2
       0
       0
       0
       1
       0
       0
       0
       0
       1
       2
       0
       0
       1
       0
       0
       0
       1
       0
       0
       1
       0
       0
       0
       0
       0
       2
       0
       0
       0
       1
       2
       0
       0
       0
       0
       1
       0
       0
       0
       0
       0
       0
       0
       0
       3
       0
       0
       0
       0
       2
       0
       0
       1
       0
       0
       0
       0
       0
       0
       0
       0
       1
       0
       0
       0
       0
       0
       0
       0
       0
       0
       1
       0
       1
       1
       0
       0
       0
       0
       0
       0
       0
       0
       0
       0
       0
       0
       0
       0
       0
       0
       0
       0
       0
       0
       0
       0
       0
       0
       0
       0
       0
       0
       0
       0
       0
       0
$ROI:
0
$PRESETS:
None
0
0
$ENER_FIT:
0.000000 0.395817
$MCA_CAL:
3
0.000000E+000 3.958172E-001 0.000000E+000 keV
$SHAPE_CAL:
3
0.000000E+000 0.000000E+000 0.000000E+000
