$SPEC_ID:
Scatter
$SPEC_REM:
DET# 2
DETDESC# JLAB-11 MCB 133
AP# Maestro Version 7.01
$DATE_MEA:
10/26/2022 16:25:32
$MEAS_TIM:
1888 1896
$DATA:
0 2047
       0
       0
       0
       0
       0
       0
       0
       0
       0
       0
       0
       0
       0
       0
       0
       0
       0
       0
       0
       0
       0
       0
       0
       0
       0
       0
       0
       0
       0
       0
       0
       0
       0
       0
       0
       0
       0
       0
       0
       0
       0
       0
       0
       0
       0
       0
       0
       1
       3
       0
       4
       1
       1
       4
       4
       3
       2
       8
      10
       3
      12
      12
      10
       9
      14
       8
      14
       5
       6
       7
      10
      12
       9
      12
      10
      15
       8
      16
       8
      14
      20
       9
      16
      17
      13
      20
       9
      18
       9
      14
      13
      11
      12
      23
      11
      10
       9
      12
      12
      18
      15
      12
      16
      15
      21
      16
      18
      13
      12
      10
      17
      11
       7
      12
      14
      14
      14
      10
      10
      11
      11
      16
      14
       8
      18
      10
      12
      12
      15
      14
      14
       4
      16
       9
      13
      14
       8
       9
      15
       4
      10
      16
      15
      13
      17
      16
       8
      14
      13
      10
      14
       9
      18
      18
      13
      17
       7
       9
      13
      13
      13
       8
      15
      14
       7
      11
      17
       5
      14
       9
      14
      11
      10
      10
      13
      13
      14
      14
      17
       6
       9
      14
      15
      14
      13
      13
       8
      12
      17
      17
      17
      22
      16
      19
      17
      15
      24
      16
       8
      14
      22
      16
      22
      15
      22
      16
      19
      17
      12
      24
      18
      13
      22
      25
      23
      14
      18
      15
      20
      21
      24
      16
      21
      20
      20
      19
      17
      22
      21
      23
      20
      16
      22
      16
      25
      20
      18
      15
      21
      17
      11
      20
      14
      21
      22
      18
      19
      22
      24
      16
      13
      25
      19
      17
      18
      24
      15
      20
      14
      22
      23
      25
      27
      16
      23
      20
      26
      17
      12
      25
      16
      18
      21
      20
      17
      19
      23
      16
      21
      24
      20
      18
      13
      25
      20
      22
      18
      14
      20
      25
      18
      17
      20
      16
      21
      15
      20
      15
      19
      26
      24
      20
      19
      16
      20
      27
      19
      19
      18
      18
      22
      17
      21
      29
      29
      14
      22
      29
      24
      21
      26
      15
      22
      35
      16
      27
      17
      28
      28
      19
      16
      20
      26
      20
      19
      27
      24
      23
      30
      14
      21
      15
      20
      33
      21
      26
      26
      18
      23
      20
      20
      27
      27
      15
      33
      17
      24
      35
      15
      28
      22
      22
      26
      18
      30
      27
      23
      16
      23
      26
      22
      22
      41
      17
      18
      11
      23
      11
      24
      24
      19
      34
      21
      20
      27
      19
      22
      26
      23
      28
      23
      18
      21
      18
      16
      21
      26
      22
      14
      15
      29
      24
      21
      22
      21
      20
      28
      17
      20
      20
      26
      23
      25
      25
      28
      15
      18
      15
      16
      23
      27
      13
      25
      34
      29
      22
      20
      25
      20
      20
      16
      20
      24
      17
      21
      20
      33
      23
      28
      24
      31
      25
      29
      19
      20
      20
      25
      17
      20
      21
      18
      18
      35
      29
      24
      29
      19
      21
      20
      24
      25
      26
      20
      19
      19
      29
      19
      23
      27
      22
      16
      22
      16
      28
      29
      23
      22
      20
      18
      15
      18
      16
      30
      21
      19
      29
      21
      23
      24
      22
      29
      18
      33
      18
      25
      19
      20
      18
      12
      25
      21
      30
      28
      26
      17
      18
      17
      25
      25
      24
      19
      18
      17
      18
      25
      23
      23
      26
      20
      20
      23
      22
      28
      19
      24
      28
      20
      17
      15
      18
      11
      19
      17
      15
      14
      20
      21
      21
      27
      15
      21
      21
      16
      18
      13
      18
      18
      20
      18
      17
      12
      21
      18
      14
      17
      23
      14
      18
      26
      29
      15
      23
      16
      16
      24
      12
      24
      13
      24
      25
      15
      19
      13
      26
      18
      12
      25
      15
      21
      16
      14
      24
      11
      25
      18
      15
      19
      18
      26
      10
      21
      18
      14
      11
      15
       9
      18
      12
      21
      17
      26
      12
      16
      13
      16
      23
      18
      18
      23
      16
      23
      22
      17
      17
      17
      13
      14
      17
      19
      20
      16
       8
      23
      12
      19
      20
      16
      19
      11
      16
      14
      18
      26
      21
      10
      18
      24
      14
      22
      17
      19
      13
      10
      15
      22
      16
      12
      19
      15
      16
      13
      20
      17
      19
      12
      10
      19
      15
      16
      19
      28
      16
      23
      21
      19
      14
      18
      17
      14
      19
      14
      23
      11
      14
       6
      12
      16
      13
      16
      12
      11
      18
      15
      26
      16
      20
      16
      11
      18
      15
      20
      17
      12
      21
      17
      11
      18
      12
      11
      13
      18
       8
      10
      10
      14
      14
      10
      17
      22
      10
      10
      12
      13
      17
       8
      12
      14
      15
      12
      16
      14
      13
      14
      21
      10
      16
      15
      16
      11
      14
      11
      14
      18
       8
      14
       6
      12
       9
      14
       9
      14
      11
      15
      14
      14
      11
       9
      12
      19
      11
      15
      16
      10
      15
      10
      11
       9
      13
      12
      11
      15
      15
      10
       9
       9
      11
       4
      10
      18
      11
       7
      11
      13
      14
      14
      13
       8
      11
      13
       9
      11
       7
      12
       6
       7
      10
      12
       5
      11
      15
       6
       8
      11
      12
      16
      10
      14
      12
      13
       6
       7
      16
      11
       7
      15
       9
       5
      10
       5
      14
       7
       7
       9
       6
      14
      13
      10
       8
       9
      13
       9
      11
       6
      13
       6
       8
       9
      10
      10
      13
       9
       5
      10
      10
       9
       1
      10
       5
      10
       9
       5
       8
      17
      11
      11
       8
      17
      12
      10
       7
       8
       8
       9
       8
      11
       7
       8
       4
       8
      11
       3
      11
      14
       8
       6
      10
       7
       9
       8
       6
      11
       6
       4
       4
       6
      10
       7
       5
       4
       9
       2
      12
       5
      10
      12
       7
       6
       8
       6
       9
      10
       7
       8
       5
       7
      11
       6
      11
       6
      12
      10
       8
       2
       2
      15
       9
       9
      13
       5
       9
       7
       6
       9
       9
       7
       8
      10
       7
       3
       8
       8
      10
       7
       8
       4
       5
      10
      12
      13
       7
       8
       9
      10
      10
       5
       4
       3
      14
       4
       6
       5
       8
       7
       9
       7
       2
       7
       5
      15
       9
       9
       6
      15
       6
       8
       9
      11
       7
       7
      11
       4
      10
       9
      11
      10
       8
      10
      10
       4
      11
       9
       7
      10
      11
       8
      13
      11
       6
      12
       5
       8
       7
      10
       9
       4
      11
       8
      13
      13
      10
      15
       6
      14
      13
       9
       8
       9
       8
       7
       8
      12
       8
       7
      11
       5
      11
      12
      15
      17
      11
      12
      13
      11
      11
      11
      14
      17
      12
      19
      18
      11
      10
      15
       8
      14
      12
      11
      12
      11
      11
      12
       3
      10
       7
      15
       6
       9
      13
      13
      12
      16
      11
      20
      12
      10
       8
      13
      13
      10
      10
      12
      21
      17
      10
      19
      16
       9
      13
      21
      15
      25
       7
      10
       7
      15
      16
      21
      10
      16
      20
      18
      17
      12
      17
      15
      16
      18
      15
      17
      18
      22
      14
      18
      11
      16
      14
      15
      15
      10
      19
      14
      12
      18
      20
      15
      18
      16
      16
      17
      10
      12
       6
      13
      17
      10
      14
      12
      16
      15
       5
       7
      13
       6
       7
       9
      11
      16
       9
      13
      15
      10
      15
       8
      10
       6
      12
      10
      16
       7
      13
       8
      13
      12
      10
      10
       9
      14
       8
       9
      12
      13
       9
      10
       8
      12
       7
      10
       7
      13
      12
       4
       6
       6
       9
       8
       8
       9
       9
       7
       6
      11
       5
       3
       8
       9
       8
       8
       6
       7
       6
       7
       7
       6
       6
       3
       4
       8
       4
       8
       5
       2
       5
       5
       9
       7
       2
       9
       5
       5
       1
       5
       3
       2
       3
       2
       8
       3
       3
       1
       4
       3
       3
       6
       4
       5
       4
       4
       6
       7
       1
       7
       1
       5
       3
       6
       4
       1
       2
       5
       3
       1
       3
       3
       4
       2
       2
       3
       4
       4
       5
       2
       3
       4
       4
       1
       1
       4
       1
       3
       1
       0
       2
       3
       1
       2
       2
       1
       2
       2
       4
       1
       1
       2
       2
       2
       1
       1
       2
       2
       2
       4
       1
       4
       0
       1
       1
       3
       1
       2
       1
       1
       1
       3
       4
       4
       1
       2
       1
       2
       2
       0
       0
       3
       2
       2
       3
       0
       0
       1
       0
       4
       1
       3
       2
       1
       1
       1
       3
       1
       1
       1
       2
       2
       3
       0
       0
       3
       4
       3
       1
       1
       2
       2
       2
       5
       2
       0
       0
       3
       4
       0
       0
       2
       0
       4
       3
       1
       0
       1
       2
       3
       1
       2
       4
       0
       3
       1
       0
       2
       4
       0
       1
       1
       2
       4
       2
       0
       2
       4
       1
       3
       3
       0
       0
       1
       1
       4
       0
       2
       0
       3
       4
       1
       2
       1
       1
       0
       2
       2
       2
       2
       2
       3
       2
       1
       3
       0
       2
       0
       2
       3
       1
       0
       0
       1
       1
       0
       3
       1
       1
       1
       3
       0
       0
       0
       1
       0
       3
       0
       0
       0
       1
       4
       3
       0
       1
       1
       1
       2
       4
       0
       2
       2
       0
       2
       3
       0
       0
       3
       0
       0
       4
       1
       3
       1
       2
       0
       1
       0
       1
       0
       3
       0
       1
       0
       1
       1
       0
       0
       0
       0
       1
       2
       0
       1
       0
       1
       2
       0
       1
       1
       0
       2
       2
       0
       0
       0
       2
       2
       0
       3
       0
       0
       1
       0
       0
       1
       0
       0
       0
       0
       0
       1
       0
       2
       2
       0
       0
       1
       0
       0
       1
       0
       2
       1
       0
       1
       0
       1
       0
       1
       1
       1
       1
       0
       1
       0
       1
       1
       1
       1
       1
       0
       0
       1
       0
       1
       0
       2
       0
       1
       0
       1
       1
       0
       0
       0
       1
       0
       0
       1
       0
       0
       0
       2
       0
       4
       1
       1
       0
       0
       1
       0
       0
       0
       0
       0
       1
       0
       0
       0
       2
       0
       0
       1
       0
       0
       0
       0
       3
       0
       0
       0
       2
       0
       1
       0
       1
       0
       0
       0
       0
       1
       2
       0
       0
       1
       1
       0
       0
       0
       0
       0
       1
       1
       0
       2
       1
       0
       0
       0
       1
       2
       2
       0
       0
       2
       2
       1
       2
       1
       0
       0
       0
       2
       0
       0
       1
       1
       0
       2
       1
       0
       1
       1
       3
       0
       0
       0
       3
       0
       0
       0
       0
       1
       2
       2
       1
       2
       0
       1
       1
       0
       1
       0
       1
       0
       0
       3
       0
       1
       0
       1
       1
       0
       1
       0
       0
       1
       0
       1
       0
       0
       0
       1
       0
       2
       1
       2
       1
       2
       1
       2
       0
       1
       0
       2
       1
       0
       1
       1
       0
       0
       1
       1
       1
       0
       1
       0
       0
       1
       0
       0
       1
       0
       1
       0
       1
       2
       1
       0
       1
       0
       2
       0
       0
       1
       0
       0
       2
       1
       0
       1
       0
       0
       0
       0
       0
       0
       1
       0
       0
       0
       0
       1
       0
       1
       1
       0
       0
       2
       0
       0
       1
       0
       0
       0
       1
       1
       0
       1
       0
       2
       0
       1
       0
       0
       1
       2
       1
       0
       1
       1
       2
       1
       1
       0
       0
       1
       0
       3
       0
       0
       0
       2
       0
       1
       0
       1
       0
       1
       0
       1
       1
       0
       0
       0
       0
       0
       0
       0
       1
       0
       0
       1
       0
       2
       0
       0
       0
       0
       1
       1
       0
       0
       0
       0
       0
       2
       1
       0
       0
       0
       0
       0
       0
       0
       0
       0
       0
       0
       0
       1
       1
       0
       1
       1
       0
       1
       0
       2
       0
       0
       0
       1
       2
       0
       0
       0
       0
       0
       0
       0
       0
       0
       0
       0
       0
       0
       1
       0
       0
       0
       0
       0
       1
       0
       0
       1
       1
       0
       1
       1
       0
       1
       0
       2
       1
       2
       0
       2
       0
       0
       0
       0
       1
       0
       1
       0
       0
       0
       0
       1
       1
       1
       0
       0
       0
       0
       2
       0
       0
       1
       0
       1
       0
       1
       0
       0
       0
       1
       0
       1
       0
       0
       0
       0
       0
       1
       0
       0
       0
       0
       1
       0
       0
       0
       0
       0
       0
       0
       0
       0
       1
       1
       1
       0
       0
       0
       2
       1
       1
       0
       1
       0
       1
       0
       0
       1
       1
       0
       1
       0
       1
       0
       1
       0
       1
       0
       0
       0
       0
       0
       0
       0
       0
       1
       0
       0
       0
       0
       0
       1
       0
       1
       0
       1
       0
       1
       0
       0
       0
       1
       0
       0
       0
       0
       0
       1
       0
       0
       0
       0
       0
       0
       1
       1
       0
       0
       0
       0
       1
       0
       0
       3
       0
       2
       0
       0
       0
       1
       1
       1
       0
       0
       0
       0
       0
       0
       0
       0
       0
       0
       0
       1
       0
       1
       1
       3
       0
       0
       0
       1
       1
       0
       0
       0
       0
       0
       0
       1
       0
       1
       0
       1
       1
       0
       0
       1
       0
       0
       0
       1
       0
       1
       0
       0
       0
       0
       0
       0
       0
       0
       0
       0
       0
       0
       0
       0
       0
       0
       0
       0
       0
       0
       0
       0
       0
       0
       0
       0
       0
       0
       0
       0
       0
       0
       0
$ROI:
0
$PRESETS:
None
0
0
$ENER_FIT:
0.000000 0.402362
$MCA_CAL:
3
0.000000E+000 4.023622E-001 0.000000E+000 keV
$SHAPE_CAL:
3
0.000000E+000 0.000000E+000 0.000000E+000
