$SPEC_ID:
Recoil
$SPEC_REM:
DET# 3
DETDESC# JLAB-11 MCB 134
AP# Maestro Version 7.01
$DATE_MEA:
10/24/2022 10:59:59
$MEAS_TIM:
1156 1261
$DATA:
0 2047
       0
       0
       0
       1
      29
 1454770
   59115
  106732
   71108
   49294
   34735
   24058
   17626
   13661
   11173
    9186
    7767
    6517
    5679
    4753
    4276
    3834
    3757
    3494
    3464
    3447
    3392
    3488
    3632
    3604
    3812
    3866
    3796
    3913
    4146
    4105
    4288
    4249
    4282
    4456
    4513
    4426
    4612
    4769
    4835
    4901
    4958
    5008
    5131
    5321
    5446
    5401
    5769
    5899
    6188
    6489
    6962
    7328
    7856
    8782
    9600
   10592
   11853
   13387
   15170
   17475
   20519
   23416
   27115
   31782
   36311
   41673
   46561
   52433
   57430
   62210
   66054
   69254
   71687
   71910
   70624
   69210
   65602
   61107
   56523
   51526
   46006
   41029
   35603
   30833
   26929
   22907
   19544
   16570
   14075
   12006
   10024
    8660
    7247
    6265
    5611
    4863
    4423
    3974
    3835
    3630
    3407
    3275
    3256
    3361
    3371
    3388
    3489
    3592
    3736
    3791
    3968
    4021
    4150
    4246
    4490
    4521
    4664
    4912
    5148
    5263
    5504
    5361
    5554
    5674
    5754
    5906
    5824
    5890
    5901
    5857
    5845
    5793
    5726
    5630
    5582
    5552
    5557
    5428
    5299
    5425
    5428
    5485
    5664
    5533
    5626
    5736
    6025
    5966
    6330
    6271
    6502
    6575
    6749
    6911
    6779
    7025
    7056
    7062
    7011
    6900
    6851
    6793
    6841
    6616
    6762
    6766
    6787
    6898
    6750
    6988
    7012
    6865
    7069
    7334
    7584
    7789
    8236
    8705
    8961
    9424
    9925
   10594
   11004
   12005
   12746
   13252
   14300
   15055
   15920
   17017
   17800
   18460
   19513
   20141
   20876
   20910
   21529
   21576
   21457
   21502
   21468
   21020
   20423
   19686
   19262
   17997
   16945
   15791
   14950
   13373
   12546
   11484
   10350
    9518
    8647
    7543
    6810
    6005
    5584
    4974
    4524
    4054
    3842
    3546
    3185
    3080
    2893
    2820
    2749
    2537
    2574
    2479
    2553
    2547
    2447
    2495
    2388
    2424
    2450
    2427
    2430
    2427
    2458
    2502
    2526
    2648
    2656
    2612
    2666
    2784
    2679
    2614
    2745
    2778
    2754
    2903
    2948
    2884
    2989
    2987
    3054
    3205
    3142
    3256
    3321
    3410
    3448
    3485
    3415
    3657
    3553
    3699
    3735
    3820
    3762
    3826
    3859
    3818
    3780
    3728
    3718
    3708
    3620
    3568
    3539
    3382
    3402
    3310
    3173
    3158
    3204
    2990
    2863
    2831
    2769
    2768
    2716
    2604
    2512
    2329
    2417
    2428
    2432
    2397
    2267
    2372
    2271
    2206
    2284
    2124
    2084
    2152
    2249
    2148
    2219
    2214
    2202
    2194
    2188
    2219
    2283
    2309
    2289
    2282
    2272
    2277
    2283
    2271
    2219
    2259
    2363
    2328
    2376
    2335
    2355
    2465
    2409
    2424
    2433
    2445
    2377
    2562
    2398
    2488
    2420
    2530
    2467
    2505
    2567
    2496
    2514
    2599
    2515
    2627
    2611
    2585
    2705
    2657
    2674
    2653
    2653
    2603
    2662
    2675
    2762
    2728
    2697
    2671
    2769
    2621
    2727
    2784
    2767
    2741
    2787
    2808
    2847
    2755
    2817
    2751
    2739
    2699
    2785
    2771
    2626
    2662
    2661
    2603
    2611
    2729
    2721
    2684
    2633
    2605
    2558
    2523
    2484
    2504
    2469
    2467
    2481
    2447
    2464
    2450
    2419
    2382
    2435
    2429
    2355
    2313
    2343
    2314
    2294
    2297
    2287
    2186
    2155
    2261
    2200
    2134
    2269
    2209
    2201
    2211
    2205
    2239
    2202
    2100
    2137
    2092
    2147
    2119
    2180
    2076
    2125
    2151
    2125
    2082
    2043
    2092
    2009
    2114
    2105
    1979
    2052
    2038
    2071
    1994
    2025
    2073
    1995
    2071
    2041
    1904
    1954
    2005
    1981
    1946
    1961
    1893
    1931
    1910
    1962
    1844
    1931
    1911
    1899
    1854
    1819
    1882
    1858
    1791
    1767
    1858
    1743
    1756
    1752
    1820
    1721
    1703
    1710
    1661
    1742
    1704
    1751
    1690
    1643
    1677
    1682
    1653
    1666
    1552
    1552
    1647
    1638
    1515
    1607
    1575
    1571
    1569
    1522
    1515
    1551
    1603
    1546
    1590
    1559
    1595
    1542
    1548
    1551
    1536
    1500
    1570
    1462
    1522
    1502
    1545
    1536
    1506
    1481
    1590
    1514
    1493
    1530
    1534
    1497
    1479
    1487
    1457
    1445
    1541
    1522
    1517
    1501
    1384
    1398
    1429
    1452
    1458
    1465
    1420
    1436
    1423
    1417
    1419
    1450
    1407
    1348
    1420
    1410
    1361
    1465
    1380
    1435
    1407
    1396
    1336
    1386
    1393
    1409
    1373
    1413
    1361
    1454
    1424
    1341
    1378
    1351
    1292
    1391
    1384
    1339
    1455
    1403
    1379
    1394
    1434
    1420
    1432
    1406
    1438
    1498
    1414
    1507
    1413
    1473
    1575
    1505
    1463
    1486
    1559
    1584
    1571
    1631
    1592
    1647
    1613
    1627
    1722
    1778
    1722
    1715
    1764
    1837
    1804
    1833
    1873
    2011
    1935
    2080
    2040
    2099
    2061
    2111
    2197
    2180
    2242
    2247
    2281
    2280
    2325
    2434
    2351
    2352
    2379
    2393
    2505
    2531
    2561
    2531
    2469
    2577
    2617
    2643
    2607
    2638
    2679
    2713
    2748
    2804
    2833
    2782
    2761
    2861
    2896
    2877
    2953
    2899
    2935
    2997
    2919
    2977
    3051
    3068
    3124
    3182
    3112
    3213
    3242
    3200
    3305
    3365
    3274
    3388
    3373
    3446
    3449
    3641
    3572
    3523
    3652
    3705
    3679
    3737
    3837
    3705
    3921
    3908
    3932
    4019
    3886
    3996
    4007
    4039
    4115
    4120
    4151
    4229
    4150
    4115
    4167
    4155
    4269
    4269
    4257
    4177
    4154
    4192
    4259
    4276
    4216
    4196
    4221
    4226
    4255
    4208
    4218
    4092
    4193
    4054
    4125
    3986
    3992
    4113
    3958
    3983
    3913
    3879
    3815
    3875
    3813
    3861
    3611
    3615
    3580
    3501
    3597
    3474
    3462
    3467
    3432
    3332
    3303
    3147
    3245
    3322
    3211
    3147
    3182
    3357
    3142
    3106
    3236
    3134
    3197
    3346
    3190
    3269
    3238
    3296
    3325
    3336
    3408
    3520
    3569
    3661
    3616
    3783
    3714
    3769
    3875
    4025
    4186
    4172
    4292
    4389
    4454
    4707
    4725
    4794
    4863
    4879
    5183
    5219
    5532
    5547
    5707
    5856
    5867
    6086
    6220
    6239
    6259
    6436
    6563
    6706
    6801
    7094
    7120
    7173
    7237
    7488
    7638
    7665
    7912
    7744
    7926
    7873
    8116
    8218
    8178
    8126
    8248
    8435
    8397
    8508
    8658
    8519
    8674
    8827
    8658
    8739
    8800
    8835
    8720
    8793
    8892
    8556
    8695
    8867
    8590
    8550
    8555
    8619
    8264
    8369
    8424
    8067
    8297
    8007
    8099
    8132
    7889
    7876
    7868
    7681
    7606
    7429
    7243
    7274
    7281
    7135
    6786
    6869
    6548
    6694
    6453
    6477
    6239
    6202
    6050
    5953
    5978
    5681
    5575
    5636
    5438
    5242
    5189
    5052
    5079
    4914
    4724
    4794
    4574
    4520
    4411
    4422
    4383
    4175
    4288
    4007
    4073
    3934
    3949
    3742
    3804
    3754
    3731
    3551
    3473
    3376
    3484
    3449
    3379
    3372
    3335
    3114
    3086
    3120
    3114
    3180
    3066
    2941
    2861
    2906
    2858
    2874
    2772
    2707
    2793
    2671
    2604
    2574
    2508
    2547
    2468
    2435
    2429
    2286
    2299
    2221
    2174
    2165
    2059
    2113
    1994
    2047
    1898
    1875
    1888
    1829
    1777
    1708
    1700
    1645
    1646
    1633
    1653
    1496
    1529
    1473
    1386
    1409
    1384
    1368
    1291
    1303
    1351
    1291
    1263
    1203
    1302
    1184
    1079
    1208
    1107
    1078
    1167
    1071
    1017
    1057
    1031
     997
    1019
     987
     993
     971
     970
     933
    1001
     929
     994
     915
    1018
     932
     907
     948
     963
     927
     959
     973
     937
     879
     915
     937
     935
     940
     915
     909
     857
     941
     967
     976
     947
     911
     936
    1006
     911
     894
    1019
     883
     939
     910
     896
     953
     927
     936
     841
     850
     891
     896
     905
     892
     836
     881
     864
     898
     837
     893
     872
     885
     870
     885
     831
     877
     875
     812
     790
     786
     784
     800
     738
     800
     726
     728
     735
     740
     689
     679
     734
     692
     641
     604
     628
     658
     612
     651
     589
     604
     635
     586
     583
     552
     486
     493
     503
     494
     516
     467
     459
     423
     443
     435
     400
     397
     473
     436
     382
     411
     376
     396
     369
     334
     362
     379
     354
     310
     343
     314
     335
     321
     300
     328
     312
     305
     287
     276
     279
     281
     260
     264
     274
     290
     229
     253
     236
     235
     239
     225
     237
     226
     247
     221
     231
     233
     235
     224
     233
     238
     191
     201
     196
     218
     219
     199
     204
     218
     231
     192
     183
     197
     183
     200
     185
     200
     159
     191
     162
     195
     198
     174
     179
     183
     178
     175
     176
     170
     157
     156
     169
     165
     162
     134
     182
     138
     150
     144
     142
     130
     145
     152
     150
     142
     142
     167
     144
     135
     156
     155
     136
     158
     152
     131
     152
     136
     142
     163
     136
     130
     136
     127
     140
     130
     122
     146
     127
     133
     111
     137
     142
     131
     136
     119
     152
     122
     111
     130
     119
     134
     124
     119
     115
     134
     104
     112
     128
     124
     132
     122
     119
     119
     119
     112
     124
     132
     113
     136
     123
     101
     136
     115
     132
     124
     118
     100
     108
     111
     113
     139
     111
     109
     107
      94
      99
     121
     110
     109
     103
     119
     111
     107
      98
     110
     109
      99
     108
     122
     115
     110
     109
     116
     106
     128
     113
     123
      84
     102
     111
     103
     101
      98
     116
     112
     124
     109
     120
     117
      96
     107
      92
     114
     109
     112
     111
     114
     110
     111
      99
     108
     101
     130
      98
      89
     109
     108
     121
     107
     108
      91
      99
      98
      92
     107
      98
     116
     103
     123
     122
     129
     114
     109
      93
     117
      95
      92
      83
      96
     102
     111
     110
     117
     113
     107
     103
     138
     110
     119
      98
     116
     104
      98
      92
     101
     110
      97
     104
      96
     105
      92
     106
     111
     103
      90
     121
     105
      94
     106
     112
      91
     109
      90
      96
      96
     101
      92
     114
     128
      98
     118
      98
     112
     111
     100
     111
     105
     115
     123
      95
      93
     102
     121
     105
     110
     125
     112
     122
     117
     101
      94
     104
      92
      99
     114
      95
     101
      91
     109
     110
     114
      96
     125
     106
     103
     112
     113
     100
     115
     121
     109
     114
      95
     129
     105
     113
     112
     103
      97
     107
     124
     107
      95
     100
     106
     129
     111
     121
     109
     114
     123
     115
     104
     116
      96
     121
     127
     112
     128
     137
     124
     105
     114
     105
     117
     114
     112
     144
     106
      98
     109
     122
     107
     139
     118
     132
     141
     103
     124
     143
     121
     119
     112
     112
     125
     117
     141
     129
     113
     163
     119
     121
     132
     124
     140
     113
     138
     116
     134
     128
     142
     128
     127
     103
     117
     125
     121
     118
     121
     142
     115
     138
     123
     136
     121
     132
     123
     119
     108
     135
     128
     121
     127
     123
     131
     126
     117
     113
     141
     104
     106
     121
     126
     112
     139
     119
     113
     111
     101
     101
     118
     121
     104
     102
      98
     112
     102
     111
     104
      92
     103
      95
      99
     104
     115
      96
      89
      97
      81
      89
      94
      82
      75
      93
      85
     110
      95
      94
      78
      97
      96
     108
      79
      80
      82
      84
      88
      87
      95
      91
      76
      81
      88
      85
      76
      89
      92
      72
      89
      85
      79
      66
      72
      64
      79
      74
      66
      71
      66
      61
      78
      67
      70
      72
      56
      54
      65
      88
      78
      68
      58
      58
      66
      76
      74
      64
      64
      66
      61
      58
      67
      60
      70
      75
      62
      62
      61
      58
      64
      72
      48
      65
      70
      76
      62
      83
      63
      62
      60
      59
      64
      74
      44
      63
      60
      48
      77
      66
      67
      62
      53
      53
      63
      57
      57
      48
      53
      49
      64
      53
      46
      61
      56
      64
      53
      62
      54
      49
      64
      56
      52
      60
      59
      62
      41
      60
      64
      50
      53
      46
      54
      60
      62
      55
      48
      69
      39
      40
      51
      66
      53
      55
      52
      50
      49
      48
      53
      57
      55
      36
      35
      44
      40
      44
      46
      48
      55
      55
      44
      50
      56
      57
      58
      35
      55
      47
      51
      49
      47
      39
      43
      47
      47
      55
      46
      46
      47
      41
      30
      51
      46
      37
      44
      43
      38
      53
      48
      29
      43
      33
      42
      39
      46
      48
      53
      46
      32
      29
      42
      43
      38
      30
      35
      33
      34
      45
      32
      36
      31
      33
      35
      28
      41
      25
      35
      38
      41
      39
      28
      38
      36
      40
      29
      34
      33
      43
      31
      27
      29
      37
      31
      33
      40
      30
      37
      35
      35
      33
      36
      35
      29
      38
      40
      22
      22
      28
      28
      27
      41
      29
      31
      26
      31
      27
      33
      33
      35
      26
      25
      30
      23
      34
      26
      29
      22
      22
      26
      24
      25
      34
      28
      24
      18
      26
      26
      32
      30
      21
      26
      25
      35
      28
      22
      16
      20
      29
      26
      21
      23
      20
      24
      21
      24
      23
      33
      23
      23
      20
      30
      19
      16
      22
      18
      27
      25
      22
      18
      17
      12
      18
      37
      22
      19
      22
      24
      25
      28
      23
      21
      20
      27
      18
      18
      24
      24
      18
      17
      15
      21
      24
      15
      20
      21
      19
      20
      19
      27
      27
      17
      22
      22
      22
      20
      15
      14
      23
      17
      14
      25
      19
      18
      23
      22
      21
      14
      20
      18
      11
      19
      28
      20
      23
      15
      25
      19
       9
      23
      19
      18
      28
      10
      15
       9
      14
      21
      19
      19
      18
      15
      21
      16
      15
      28
      13
      21
      19
      15
      23
      20
      13
      15
      13
      19
      17
      20
      13
      17
      18
      15
      20
      22
      21
      12
      18
      15
      19
      11
      16
      21
      16
      20
      16
      14
      17
      10
      19
      13
      19
      12
      21
      19
      12
      11
      19
      16
      17
      11
      16
      18
       8
      19
      14
      26
      22
      18
       9
      15
      21
      17
      14
      12
      17
      14
      15
      15
      14
      19
      26
      21
      19
      23
      17
      24
      11
      16
      18
      18
      19
      15
      15
       9
      18
      17
      17
      14
      11
      16
      14
      22
      17
      20
      16
      16
      15
      14
      18
      21
      12
      12
      12
      16
      14
       5
      20
      15
      14
      14
      14
      15
      21
      13
      19
      13
      11
      18
      11
      14
      16
      21
      17
      20
      19
      10
       7
      20
      21
      13
      15
      15
      16
      18
      20
      10
      10
      13
      16
      17
      13
      11
      24
       0
       0
       0
       0
       0
       0
       0
       0
       0
       0
       0
       0
       0
       0
       0
       0
       0
       0
       0
       0
       0
       0
       0
       0
       0
       0
       0
       0
       0
       0
       0
       0
$ROI:
0
$PRESETS:
None
0
0
$ENER_FIT:
0.000000 0.395817
$MCA_CAL:
3
0.000000E+000 3.958172E-001 0.000000E+000 keV
$SHAPE_CAL:
3
0.000000E+000 0.000000E+000 0.000000E+000
