$SPEC_ID:
Scatter
$SPEC_REM:
DET# 2
DETDESC# JLAB-11 MCB 133
AP# Maestro Version 7.01
$DATE_MEA:
10/24/2022 11:00:04
$MEAS_TIM:
1156 1224
$DATA:
0 2047
       0
       0
       0
       0
       0
       1
       0
       0
       0
       0
       0
       0
       0
       0
       0
       0
       6
    2563
    3941
    3294
    2939
    2739
    2572
    2602
    2635
    2587
    2727
    2678
    2605
    2653
    2805
    2983
    2780
    2842
    2923
    2997
    3007
    3056
    3070
    2997
    3034
    3187
    3267
    3176
    3166
    3240
    3218
    3294
    3401
    3386
    3467
    3647
    3769
    3861
    4085
    4386
    4767
    5418
    6024
    7081
    8171
    9785
   11759
   14304
   17557
   21078
   25485
   30495
   36088
   41812
   47530
   53394
   58383
   63223
   67019
   68958
   70095
   69866
   67546
   65307
   61118
   56699
   51682
   45811
   41139
   35943
   31363
   26807
   22993
   19280
   16659
   13892
   11823
    9948
    8509
    7126
    6193
    5373
    4638
    4042
    3608
    3414
    3228
    2999
    2942
    2950
    2936
    2958
    3033
    3101
    3303
    3430
    3339
    3600
    3866
    4066
    4247
    4603
    4722
    4913
    5227
    5322
    5465
    5767
    5818
    5887
    6090
    6023
    6105
    6110
    6009
    5944
    5952
    5727
    5607
    5359
    5334
    5132
    4907
    4908
    4773
    4663
    4554
    4582
    4420
    4466
    4521
    4558
    4595
    4675
    4664
    4659
    4901
    4741
    4818
    4970
    4982
    5162
    5066
    5201
    5120
    5274
    5326
    5289
    5262
    5241
    5451
    5437
    5571
    5604
    5910
    6010
    6195
    6549
    6991
    7416
    7868
    8575
    9112
    9929
   10697
   11739
   12968
   13749
   14633
   16130
   16994
   18616
   19710
   20864
   22224
   23285
   23992
   25018
   25543
   26071
   27007
   26794
   26935
   26822
   26390
   25956
   25042
   24465
   23154
   22354
   21245
   19825
   18424
   17212
   15652
   14883
   13313
   12096
   10918
    9775
    8731
    7813
    6947
    6147
    5500
    4968
    4402
    3927
    3561
    3351
    3157
    2888
    2658
    2570
    2476
    2356
    2424
    2301
    2200
    2197
    2151
    2227
    2331
    2221
    2144
    2227
    2190
    2301
    2206
    2186
    2246
    2220
    2285
    2290
    2274
    2339
    2367
    2361
    2440
    2397
    2427
    2482
    2523
    2548
    2644
    2602
    2651
    2751
    2702
    2708
    2763
    2744
    2827
    2853
    2896
    2798
    2816
    2796
    2909
    2876
    2846
    2781
    2815
    2825
    2789
    2758
    2927
    2764
    2711
    2715
    2628
    2638
    2548
    2484
    2533
    2489
    2406
    2428
    2461
    2411
    2325
    2341
    2301
    2224
    2316
    2201
    2245
    2259
    2180
    2224
    2207
    2226
    2202
    2224
    2146
    2251
    2315
    2274
    2229
    2240
    2337
    2200
    2227
    2280
    2291
    2237
    2324
    2351
    2341
    2394
    2278
    2269
    2349
    2410
    2423
    2427
    2453
    2421
    2479
    2615
    2501
    2492
    2525
    2538
    2475
    2492
    2584
    2612
    2690
    2673
    2568
    2734
    2673
    2695
    2761
    2735
    2747
    2774
    2903
    2811
    2807
    2866
    2877
    2800
    2740
    2864
    2872
    2943
    2880
    2998
    2949
    2846
    2912
    2915
    2929
    2797
    2873
    2976
    2875
    2868
    2898
    2813
    2763
    2715
    2775
    2808
    2736
    2730
    2730
    2655
    2659
    2724
    2626
    2541
    2635
    2583
    2604
    2487
    2549
    2495
    2488
    2463
    2446
    2405
    2418
    2328
    2279
    2414
    2319
    2334
    2270
    2279
    2341
    2177
    2200
    2349
    2227
    2244
    2199
    2247
    2290
    2261
    2100
    2192
    2171
    2139
    2130
    2050
    2171
    2089
    2119
    2115
    2013
    2072
    2055
    2086
    2082
    2056
    2069
    2050
    2062
    1994
    2146
    1975
    2148
    2063
    1996
    2048
    2033
    2042
    1998
    1906
    1892
    1968
    1905
    1971
    1916
    1951
    1850
    1852
    1862
    1831
    1810
    1809
    1817
    1772
    1728
    1681
    1721
    1743
    1690
    1681
    1679
    1826
    1750
    1631
    1653
    1716
    1590
    1692
    1636
    1642
    1630
    1630
    1550
    1569
    1586
    1569
    1592
    1601
    1532
    1593
    1563
    1535
    1479
    1545
    1594
    1457
    1535
    1562
    1521
    1531
    1585
    1610
    1473
    1464
    1471
    1508
    1467
    1430
    1477
    1516
    1443
    1452
    1461
    1421
    1434
    1450
    1487
    1416
    1425
    1454
    1388
    1503
    1432
    1379
    1400
    1351
    1345
    1340
    1364
    1421
    1363
    1381
    1281
    1379
    1302
    1390
    1403
    1383
    1335
    1363
    1344
    1350
    1301
    1245
    1344
    1292
    1236
    1268
    1249
    1238
    1238
    1302
    1266
    1288
    1319
    1294
    1229
    1269
    1202
    1242
    1210
    1239
    1279
    1297
    1306
    1217
    1266
    1207
    1252
    1308
    1280
    1325
    1299
    1320
    1292
    1365
    1299
    1395
    1339
    1479
    1438
    1369
    1486
    1461
    1490
    1498
    1649
    1593
    1604
    1625
    1661
    1727
    1772
    1837
    1834
    1848
    1929
    1926
    1988
    2017
    2093
    2178
    2171
    2224
    2171
    2258
    2340
    2302
    2450
    2414
    2531
    2510
    2606
    2580
    2731
    2657
    2747
    2663
    2841
    2837
    2838
    2836
    2897
    3025
    2924
    2969
    2988
    3026
    2985
    3053
    3010
    3133
    3180
    3185
    3261
    3212
    3279
    3191
    3268
    3313
    3351
    3482
    3494
    3488
    3576
    3605
    3558
    3608
    3560
    3809
    3707
    3934
    3797
    3950
    4020
    3941
    3987
    4089
    4257
    4245
    4282
    4346
    4350
    4255
    4456
    4532
    4530
    4611
    4673
    4575
    4648
    4839
    4765
    4775
    4697
    4867
    4735
    4870
    4827
    4784
    4908
    4961
    4932
    4956
    4900
    4934
    4907
    4900
    4925
    4814
    4826
    4826
    4794
    4776
    4875
    4576
    4662
    4634
    4517
    4462
    4448
    4416
    4306
    4225
    4121
    4219
    4044
    3914
    3978
    3855
    3704
    3595
    3612
    3640
    3472
    3466
    3398
    3217
    3161
    3129
    3099
    2987
    2791
    2869
    2895
    2833
    2815
    2780
    2797
    2699
    2710
    2702
    2682
    2696
    2709
    2737
    2822
    2787
    2824
    2931
    3067
    2912
    3058
    3096
    3270
    3330
    3390
    3485
    3645
    3641
    3987
    4082
    4202
    4314
    4401
    4572
    4823
    4969
    5104
    5171
    5572
    5703
    5957
    6037
    6157
    6311
    6548
    6659
    7066
    7103
    7327
    7525
    7648
    7751
    7891
    8324
    8334
    8718
    8720
    8876
    8870
    9089
    9288
    9394
    9632
    9639
    9810
    9885
   10063
   10255
   10389
   10362
   10461
   10454
   10638
   10616
   10789
   10931
   10925
   10859
   11083
   10821
   10890
   10893
   10866
   10931
   11019
   10783
   10784
   10623
   10795
   10451
   10510
   10510
   10182
   10180
   10161
    9819
    9783
    9693
    9600
    9257
    9343
    9218
    9072
    8897
    8506
    8240
    8083
    8007
    7804
    7750
    7670
    7436
    7227
    6722
    6900
    6577
    6527
    6355
    6056
    6043
    5769
    5664
    5583
    5446
    5181
    4999
    4977
    4608
    4657
    4444
    4434
    4349
    4133
    4074
    3925
    3788
    3758
    3683
    3543
    3468
    3482
    3385
    3226
    3147
    3085
    3040
    3009
    2966
    2824
    2711
    2645
    2691
    2656
    2503
    2602
    2433
    2421
    2442
    2365
    2313
    2274
    2216
    2179
    2069
    2083
    2082
    2013
    1917
    1890
    1846
    1889
    1782
    1662
    1726
    1683
    1581
    1563
    1534
    1595
    1447
    1464
    1419
    1391
    1297
    1221
    1264
    1208
    1170
    1134
    1187
    1073
    1017
     996
    1003
     972
     916
     916
     868
     872
     856
     865
     786
     745
     770
     709
     674
     712
     660
     688
     703
     604
     637
     595
     603
     565
     585
     547
     521
     553
     559
     537
     575
     548
     530
     540
     518
     473
     539
     524
     514
     497
     470
     466
     510
     518
     534
     522
     542
     528
     517
     533
     513
     511
     522
     498
     552
     581
     575
     530
     503
     539
     539
     544
     578
     529
     559
     563
     556
     568
     534
     573
     561
     564
     565
     572
     578
     551
     604
     602
     555
     575
     545
     587
     575
     597
     592
     575
     514
     544
     553
     511
     547
     573
     504
     536
     510
     489
     488
     494
     482
     492
     476
     492
     449
     473
     442
     411
     454
     431
     403
     411
     399
     406
     433
     367
     361
     359
     401
     383
     373
     368
     320
     342
     357
     289
     305
     293
     342
     305
     287
     289
     262
     276
     253
     260
     225
     212
     242
     228
     229
     231
     227
     220
     210
     193
     167
     198
     170
     184
     169
     175
     151
     159
     167
     150
     153
     151
     145
     160
     159
     167
     144
     132
     141
     134
     127
     124
     134
     139
     121
     125
     129
     133
     123
     124
     115
     111
     133
     119
     121
     117
     121
     114
     127
     118
     113
     111
     122
     133
      98
     110
     123
     109
      92
     117
     118
     124
     122
     100
     115
      92
     106
     111
      82
      96
     118
     110
     111
     105
      95
      97
      73
      94
     109
     103
      90
     105
     109
      94
      87
     102
      95
      91
      84
     104
     101
      88
      97
     105
     108
      92
      87
      89
     111
     101
      81
     107
     117
     105
      87
     100
     102
     104
      81
      78
      91
      80
      84
      81
      93
      78
      78
      93
      88
      82
      94
      85
      80
      97
      93
      90
      72
      89
      84
      96
      94
      90
      93
      86
      82
      79
      98
      79
      85
      72
      78
      83
      80
      73
      75
      83
      82
      79
      73
      87
      73
      83
      67
     102
      83
      74
      95
      87
      90
      74
      74
      93
      80
      77
      76
      92
      65
      78
      80
      67
      94
      71
      82
      89
      67
      73
      68
      71
      87
      88
      72
      76
      81
      69
      66
      77
      76
      75
      73
      92
      76
      82
      72
      65
      61
      84
      66
      71
      81
      98
      69
      77
      86
      82
      75
      67
      79
      98
      90
      80
      72
      91
      85
      94
      82
      93
      70
      66
      84
      74
      83
      64
      66
      67
      77
      82
      75
      81
      81
      92
      85
      99
     102
      80
      80
      74
      88
      82
      82
      92
      79
      66
      77
      94
      94
      81
      76
      83
      85
      95
      74
      71
      79
      81
      69
      79
      75
     102
      84
      83
      87
      77
      75
      82
      65
      95
      73
      83
     101
      77
      84
      73
      91
      74
      85
      72
      85
      81
      89
      98
      77
      76
      77
      78
      79
      73
      71
      83
      90
      81
      76
     100
      83
      79
      77
      73
      84
      77
      95
      79
      95
     102
      86
      89
      92
      85
     101
     101
      84
      83
      81
     107
      98
     106
      92
      90
      97
      94
      96
     120
     102
      90
     114
     100
      97
     104
     109
     109
     100
     107
     107
     116
     102
      96
      98
     113
     110
     105
     104
      99
     120
     103
     111
     119
     126
     116
     116
     120
     118
     114
     133
     112
     141
     126
     152
     137
     141
     148
     142
     122
     134
     146
     127
     132
     146
     137
     141
     153
     146
     133
     134
     161
     148
     159
     156
     138
     174
     161
     157
     153
     182
     147
     155
     138
     171
     169
     169
     152
     163
     169
     145
     172
     171
     166
     162
     173
     163
     177
     163
     182
     178
     171
     164
     157
     171
     156
     175
     152
     150
     174
     143
     178
     143
     171
     160
     165
     146
     140
     141
     135
     167
     156
     150
     147
     167
     149
     145
     148
     144
     137
     128
     144
     147
     129
     111
     134
     135
     112
     141
     122
     131
     119
     127
     134
     121
     124
     116
     105
     115
     108
     111
      98
      98
      87
     101
      96
      87
     103
      95
      94
      98
      93
     104
      83
      73
      91
      91
      92
      77
      97
      69
      93
      67
      53
      78
      67
      59
      77
      59
      70
      60
      55
      75
      73
      66
      57
      60
      44
      60
      56
      57
      49
      58
      66
      64
      54
      45
      67
      47
      49
      38
      49
      43
      44
      48
      53
      48
      42
      49
      57
      52
      46
      59
      47
      44
      44
      34
      31
      51
      36
      40
      30
      51
      40
      36
      32
      46
      42
      54
      35
      41
      44
      47
      41
      39
      55
      43
      47
      38
      32
      35
      37
      44
      28
      42
      43
      39
      34
      42
      51
      45
      37
      34
      28
      43
      38
      39
      47
      36
      40
      33
      35
      45
      37
      35
      37
      36
      29
      34
      37
      41
      28
      35
      27
      31
      30
      25
      38
      33
      35
      34
      30
      36
      30
      31
      38
      25
      27
      31
      38
      33
      33
      36
      34
      35
      51
      30
      30
      21
      31
      32
      36
      31
      35
      28
      21
      27
      21
      37
      29
      27
      24
      29
      31
      14
      23
      19
      34
      29
      20
      25
      31
      29
      19
      31
      35
      30
      25
      18
      16
      23
      29
      21
      21
      36
      18
      13
      21
      26
      27
      32
      23
      25
      32
      25
      27
      18
      25
      23
      12
      19
      25
      21
      25
      24
      23
      12
      15
      16
      24
      26
      23
      20
      18
      28
      21
      26
      13
      20
      19
      32
      22
       9
      25
      29
      17
      17
      22
      28
      22
      31
      17
      20
      23
      14
      24
      14
      19
      28
      28
      12
      26
      23
      16
      19
      22
      19
      11
      20
      12
      15
      22
      15
      24
      12
      19
      28
      16
      17
      11
      13
      15
      15
      22
      20
      21
      17
      22
      18
      20
      22
      18
      19
      18
      17
      27
      12
      12
      18
      20
      18
      12
      15
      17
      12
      14
      14
      16
      15
      17
      21
      16
      21
      27
      12
      20
      15
      20
      15
      12
      18
      14
      13
      14
      16
      18
      11
      23
      16
      20
      12
      24
      19
      17
      12
      19
      20
      16
      17
      15
      14
      16
      17
      21
      18
      11
      12
      10
      17
      14
      16
      12
      17
      18
      13
      12
      22
      19
      16
      20
      15
      20
      13
      14
      17
      13
      18
      16
      14
      21
      25
      14
      17
      17
      13
      19
      11
      13
      21
      17
      15
      26
       8
      16
      15
      15
      21
      23
      11
      26
      18
      10
      12
      18
      17
      13
      10
      21
      12
      12
      15
      13
      12
      18
      14
      14
      13
      12
      16
      18
      17
      16
      13
      15
      14
      12
      13
      11
      16
      14
      15
      19
      15
      13
      14
      13
      20
      18
       8
      14
      17
      19
       9
      17
      15
      11
      11
      14
      13
      17
      21
      16
      14
      24
      20
      10
      11
       9
      14
      17
      18
      10
      10
      16
      13
      16
      16
      16
      27
      14
      14
      19
      12
       6
      11
      10
      20
      16
      19
      15
      16
      13
      14
      14
      19
      18
      11
      21
      19
      22
      17
      15
      13
      11
      15
      18
      19
      11
      17
      18
      16
      16
      10
      26
      17
      12
      10
      12
      14
      15
      10
      14
      17
      13
      15
      16
      17
      21
      13
      15
      15
      12
      23
      18
      17
      20
      10
       8
      13
      14
      15
      11
      16
      17
      19
       9
      18
      12
      14
      16
      17
      18
      20
      11
      14
      11
      18
      14
      18
      12
      11
       0
       0
       0
       0
       0
       0
       0
       0
       0
       0
       0
       0
       0
       0
       0
       0
       0
       0
       0
       0
       0
       0
       0
       0
       0
       0
       0
       0
       0
       0
       0
       0
$ROI:
0
$PRESETS:
None
0
0
$ENER_FIT:
0.000000 0.405234
$MCA_CAL:
3
0.000000E+000 4.052339E-001 0.000000E+000 keV
$SHAPE_CAL:
3
0.000000E+000 0.000000E+000 0.000000E+000
