$SPEC_ID:
Recoil
$SPEC_REM:
DET# 3
DETDESC# JLAB-11 MCB 134
AP# Maestro Version 7.01
$DATE_MEA:
10/24/2022 15:42:14
$MEAS_TIM:
523 545
$DATA:
0 2047
       0
       0
       0
       0
       0
       0
       0
       0
       0
       0
       0
       0
       0
       0
       0
       1
       0
       0
       0
       0
       0
       0
       0
       0
       0
       0
       0
       0
       1
       1
       0
       0
       0
       3
       1
       2
       0
       2
       2
       1
       4
       0
       4
       1
       2
       1
       0
       2
       4
       2
       2
       3
       1
       3
       4
       3
       2
       2
       4
       1
       3
       2
       5
       5
       3
       4
       5
       6
       6
       6
       4
       3
       7
       4
       5
       3
       5
       2
      10
      10
       4
       4
       7
       3
       6
       1
       8
       6
       8
       8
       4
      10
       3
      11
       8
       6
       8
       5
       8
       3
       7
       8
       8
      10
       9
       9
      11
       9
       8
       6
       9
      10
      11
       7
       6
       8
      17
      12
       8
       8
      14
       9
       9
       2
       8
      12
       9
       8
      11
      10
      11
      14
      10
      13
      10
      14
      10
       8
       8
      12
      15
      13
      13
      11
      14
       4
      14
      11
      12
      11
      14
      17
      20
      15
      17
      12
      15
      15
      17
      13
      18
      12
      14
      13
      11
      12
      15
      15
      11
      22
      15
      15
      16
      17
      16
      10
      19
      19
      20
      15
      16
      16
      16
      22
      20
      16
      13
       8
      23
      24
      18
      29
      21
      19
      26
      23
      16
      14
      14
      18
      17
      13
      10
      14
      16
      20
      17
      26
      17
      25
      25
      28
      18
      27
      26
      19
      20
      20
      23
      23
      31
      21
      14
      31
      23
      15
      28
      16
      21
      19
      16
      22
      21
      25
      19
      32
      23
      23
      28
      19
      26
      37
      23
      22
      23
      28
      21
      19
      24
      19
      28
      27
      19
      26
      33
      25
      21
      21
      21
      26
      28
      29
      29
      29
      25
      26
      26
      25
      31
      24
      26
      27
      37
      27
      41
      32
      35
      33
      29
      33
      37
      31
      32
      33
      32
      27
      35
      23
      39
      35
      38
      36
      32
      33
      30
      30
      28
      31
      29
      32
      32
      32
      28
      36
      34
      35
      37
      31
      36
      33
      37
      30
      34
      23
      34
      33
      33
      33
      36
      37
      31
      27
      34
      30
      33
      47
      40
      32
      41
      39
      31
      43
      27
      32
      33
      41
      30
      34
      31
      42
      44
      36
      34
      46
      50
      45
      33
      41
      30
      36
      43
      40
      37
      33
      34
      38
      28
      39
      33
      36
      36
      38
      36
      45
      40
      33
      40
      34
      34
      39
      36
      30
      40
      49
      43
      44
      48
      43
      36
      45
      57
      35
      58
      45
      47
      39
      37
      44
      45
      48
      50
      47
      50
      43
      42
      43
      39
      44
      61
      54
      38
      50
      59
      47
      46
      42
      42
      51
      47
      43
      44
      68
      43
      53
      52
      43
      48
      38
      40
      52
      46
      44
      58
      50
      66
      48
      52
      56
      47
      63
      49
      67
      58
      57
      53
      61
      54
      57
      44
      53
      51
      58
      51
      44
      51
      51
      63
      55
      70
      52
      47
      75
      61
      48
      63
      47
      58
      55
      56
      61
      42
      52
      55
      54
      57
      38
      57
      52
      53
      54
      66
      77
      55
      46
      36
      51
      52
      69
      48
      51
      49
      58
      58
      55
      48
      62
      52
      51
      52
      43
      60
      62
      38
      55
      38
      52
      68
      56
      63
      41
      54
      55
      48
      54
      59
      50
      46
      54
      55
      54
      53
      49
      57
      45
      46
      47
      48
      53
      55
      50
      58
      47
      43
      65
      55
      43
      57
      49
      50
      47
      50
      66
      61
      61
      53
      57
      57
      46
      55
      55
      55
      59
      64
      43
      51
      47
      54
      50
      51
      53
      52
      62
      57
      64
      53
      69
      62
      77
      55
      72
      55
      53
      53
      69
      58
      52
      64
      65
      65
      74
      66
      51
      63
      67
      71
      72
      68
      66
      70
      61
      64
      67
      74
      60
      67
      73
      70
      56
      78
      68
      74
      68
      82
      64
      70
      80
      58
      74
      80
      71
      57
      66
      88
      91
      77
      81
      85
      98
      92
      99
      68
      83
      88
      88
      84
      93
      86
      91
      89
      88
      92
      86
      92
      94
      88
     108
      83
      85
      82
      84
      82
      89
      96
      86
     115
     112
     101
      97
     101
     115
      95
     105
     101
     103
      90
     121
     108
     119
     117
     120
     104
     125
     117
     117
     124
     104
      90
     123
     116
     131
     131
      81
     107
     115
      88
     118
     131
     106
     106
     121
     133
     121
     124
     115
     126
     106
     103
     108
     116
     113
     106
     110
     117
     127
     105
     116
     114
     143
     121
     113
     120
     116
     116
     117
     130
     125
     110
     118
     137
     109
     120
     138
     120
     119
      99
     114
     123
     124
     115
      98
     107
     133
     132
     128
     123
     108
     102
     121
     126
     103
     137
     109
     106
     111
     122
     103
     113
     126
     118
     111
     113
     111
     109
     111
      92
     108
      91
     108
      86
     109
     110
     115
      98
      77
     102
      98
      83
     114
      97
      85
      82
      69
      88
      79
      71
      70
      80
      88
      75
      78
      71
      83
      74
      68
      74
      69
      72
      74
      71
      61
      61
      66
      61
      57
      57
      49
      54
      43
      57
      63
      52
      66
      64
      59
      63
      51
      46
      39
      51
      42
      46
      52
      43
      40
      39
      33
      38
      39
      35
      43
      38
      35
      29
      47
      28
      36
      43
      34
      39
      41
      26
      21
      41
      34
      26
      30
      30
      33
      26
      34
      40
      22
      37
      25
      33
      28
      24
      33
      38
      28
      17
      30
      28
      28
      37
      28
      24
      31
      23
      35
      29
      31
      23
      21
      23
      25
      26
      20
      29
      20
      20
      26
      25
      22
      27
      17
      12
      21
      34
      24
      26
      24
      15
      21
      12
      15
      15
      22
      19
      19
      20
      18
      19
      13
      19
      26
      24
      18
      20
      18
      10
      21
      20
      16
      17
      15
      11
      15
      10
      19
      17
      16
      19
      14
      16
      21
      17
      15
      13
      16
      17
      11
      22
      21
      20
      14
      28
      16
      14
      15
      17
      18
      17
      22
      23
      19
      20
      17
      16
      19
      14
      17
      16
      13
      13
      12
      21
      17
      15
      14
      17
      11
      19
      13
      16
      14
      12
      11
      12
      16
      12
      12
      17
      18
      21
      16
      12
      15
      17
      13
      16
      16
      13
      19
      14
      15
      17
      21
      20
      15
      15
      18
      19
      23
      27
      21
      18
      16
      17
       7
      30
      16
      23
      17
      31
      22
      21
      17
      24
      16
      26
      24
      22
      27
      27
      27
      17
      35
      29
      24
      28
      23
      24
      31
      22
      28
      34
      28
      39
      27
      28
      29
      30
      36
      32
      36
      32
      34
      25
      38
      41
      32
      26
      27
      42
      34
      39
      36
      32
      34
      35
      36
      40
      45
      47
      38
      28
      29
      53
      49
      48
      56
      39
      47
      32
      40
      51
      60
      65
      41
      39
      42
      73
      54
      66
      64
      80
      68
      75
      63
      69
      86
      69
      83
      78
      95
      81
     115
      81
     111
     100
     109
      96
     131
     132
     150
     146
     136
     160
     136
     168
     176
     160
     198
     216
     218
     195
     229
     225
     246
     247
     252
     282
     287
     291
     319
     338
     340
     352
     399
     392
     388
     420
     401
     420
     432
     471
     465
     478
     480
     533
     556
     559
     572
     575
     550
     599
     591
     647
     686
     627
     708
     733
     722
     763
     759
     790
     772
     826
     837
     790
     883
     871
     916
     924
     935
     964
     899
     937
     937
    1060
    1058
    1019
    1001
     996
    1032
    1057
    1044
    1054
    1088
    1128
    1105
    1102
    1075
    1145
    1186
    1157
    1067
    1116
    1175
    1155
    1172
    1152
    1117
    1150
    1141
    1173
    1143
    1149
    1120
    1108
    1156
    1119
    1168
    1126
    1085
    1064
    1090
    1093
    1047
    1090
    1022
     979
     996
    1002
     970
     970
     962
     939
     945
     915
     865
     929
     910
     818
     819
     813
     749
     764
     725
     679
     714
     671
     597
     618
     640
     619
     572
     539
     588
     502
     478
     475
     496
     482
     414
     441
     386
     390
     377
     404
     346
     302
     312
     316
     316
     290
     280
     273
     266
     230
     223
     217
     200
     193
     188
     173
     150
     139
     157
     130
     115
     109
     133
     112
      85
      93
      87
      73
      73
      76
      63
      73
      70
      55
      49
      39
      59
      36
      44
      42
      33
      29
      34
      32
      20
      23
      31
      23
      26
      16
      14
      17
      12
      14
      14
      14
      14
      18
      11
      14
      15
       3
       6
       7
       9
       9
       5
       6
       2
       8
       4
      11
       4
       2
       6
       5
       2
       2
       4
      11
       6
       2
       4
       3
       7
       2
       4
       4
       3
       2
       2
       7
       7
       4
       6
       5
       6
       3
       2
       2
       3
       6
       3
       5
       4
       3
       5
       2
       4
       5
       8
       6
       4
       3
       4
       0
       3
       5
       2
       5
       8
       3
       5
       1
       3
       5
       2
       1
       4
       0
       6
       3
       2
       1
       1
       2
       4
       5
       2
       3
       2
       5
       3
       4
       3
       3
       4
       4
       5
       3
       4
       1
       3
       4
       3
       2
       4
       5
       5
       4
       3
       5
       3
       6
       3
       4
       1
       3
       2
       4
       4
       6
       5
       3
       5
       5
       5
       4
       3
       3
       2
       2
       3
       2
       2
       3
       3
       6
       1
       6
       6
       3
       2
       5
       6
       3
       3
       3
       4
       1
       6
       2
       9
       2
       2
       5
       3
       2
       2
       2
       4
       3
       4
       6
       6
       2
       3
       2
       3
       2
       3
       4
       1
       8
       3
       2
       6
       5
       6
       2
       4
       3
       0
       1
       2
       6
       3
       3
       4
       3
       2
       8
       4
       4
       3
       2
       7
       5
       1
       4
       5
       6
       3
       2
       1
       3
       4
       1
       7
       7
       5
       5
       2
       2
       3
       8
       7
       4
       2
       1
       1
       2
       2
       9
       6
       3
       6
       4
       4
       5
       4
       6
       5
       2
       4
       3
       4
       8
       3
       5
       4
       4
       2
       2
       8
       4
       3
       2
       7
       6
       4
       6
       6
       3
       5
       1
       4
       1
       5
       3
       1
       3
       4
       1
       4
       1
       2
       3
       4
       5
       6
       2
       1
       5
       5
       2
       3
       5
       6
       4
       6
       3
       2
       3
       2
       3
       7
       2
       4
       2
       0
       7
       5
       8
       4
       5
       4
       5
       9
       5
       5
       4
       2
       1
       4
       3
       4
       2
       2
       4
       4
       1
       4
       4
       8
       3
       3
       1
       3
       1
       1
       5
       2
       5
       4
       5
       4
       3
       4
       7
       2
       5
       5
       2
       3
       4
       3
       1
       4
       3
       3
       2
       3
       3
       3
       3
       6
       0
       2
       6
       6
       4
       2
       2
       6
       3
       3
       0
       3
       2
       4
       2
       2
       4
       3
       2
       4
       4
       4
       4
       3
       3
       2
       4
       3
       0
       3
       2
       3
       5
       4
       2
       3
       2
       3
       2
       1
       1
       3
       5
       3
       4
       1
       3
       7
       9
       3
       3
       4
       2
       7
       3
       6
       3
       5
       4
       1
       3
       4
       0
       3
       4
       2
       4
       6
       2
       3
       4
       2
       3
       4
       2
       5
       0
       4
       5
       3
       4
       1
       5
       4
       4
       6
       3
       2
       4
       5
       3
       1
       6
       6
       2
       2
       3
       2
       1
       5
       2
       1
       4
       2
       1
       1
       2
       5
       5
       2
       4
       1
       4
       7
       3
       1
       3
       2
       6
       5
       1
       2
       4
       2
       1
       2
       2
       0
       3
       2
       6
       6
       2
       2
       1
       0
       2
       1
       1
       3
       3
       4
       5
       0
       4
       1
       2
       4
       1
       5
       6
       2
       6
       3
       2
       1
       1
       4
       1
       1
       0
       4
       3
       3
       1
       3
       1
       1
       0
       3
       1
       8
       4
       5
       0
       2
       6
       3
       4
       2
       2
       1
       5
       1
       2
       4
       1
       2
       2
       0
       3
       7
       2
       2
       2
       3
       2
       3
       4
       2
       1
       4
       4
       3
       3
       1
       3
       2
       3
       3
       3
       1
       3
       3
       7
       2
       3
       3
       8
       1
       4
       4
       3
       2
       2
       1
       2
       1
       1
       1
       0
       1
       5
       1
       2
       2
       1
       1
       1
       3
       1
       1
       4
       2
       2
       2
       3
       3
       4
       1
       3
       1
       3
       3
       1
       5
       4
       4
       4
       4
       1
       4
       1
       4
       3
       4
       2
       3
       3
       1
       5
       1
       5
       4
       2
       4
       1
       2
       2
       5
       1
       4
       0
       0
       1
       2
       2
       4
       6
       1
       1
       2
       4
       2
       1
       4
       7
       1
       5
       1
       1
       2
       3
       1
       2
       3
       4
       2
       1
       2
       3
       1
       3
       3
       2
       2
       0
       4
       3
       3
       5
       1
       4
       4
       1
       4
       1
       2
       2
       4
       2
       1
       3
       2
       3
       2
       4
       1
       0
       4
       2
       1
       3
       3
       1
       3
       5
       3
       3
       1
       5
       0
       5
       4
       3
       3
       1
       2
       2
       4
       0
       0
       1
       2
       3
       3
       1
       4
       1
       2
       1
       3
       3
       2
       0
       1
       3
       1
       0
       1
       2
       1
       1
       1
       2
       3
       0
       1
       3
       4
       2
       6
       4
       2
       0
       1
       5
       1
       6
       0
       2
       1
       1
       4
       4
       5
       6
       1
       0
       0
       0
       0
       0
       0
       0
       0
       0
       0
       0
       0
       0
       0
       0
       0
       0
       0
       0
       0
       0
       0
       0
       0
       0
       0
       0
       0
       0
       0
       0
       0
$ROI:
0
$PRESETS:
None
0
0
$ENER_FIT:
0.000000 0.395817
$MCA_CAL:
3
0.000000E+000 3.958172E-001 0.000000E+000 keV
$SHAPE_CAL:
3
0.000000E+000 0.000000E+000 0.000000E+000
