$SPEC_ID:
Scatter
$SPEC_REM:
DET# 2
DETDESC# JLAB-11 MCB 133
AP# Maestro Version 7.01
$DATE_MEA:
10/24/2022 15:42:16
$MEAS_TIM:
557 568
$DATA:
0 2047
       0
       0
       0
       0
       0
       0
       0
       0
       0
       0
       0
       0
       0
       0
       0
       0
       0
       0
       0
       0
       0
       0
       0
       0
       0
       0
       0
       0
       3
      11
       9
      25
      21
      27
      30
      33
      51
      55
      86
      76
      96
     103
     102
      98
      87
      82
     112
     119
      88
     104
      95
      91
     110
     106
     105
     100
      86
     102
     102
     118
     118
      99
     120
     104
     103
     105
     113
     101
      94
     115
      87
     103
     103
     107
      90
     119
      96
     113
     103
     106
     106
     115
     125
      95
     118
     108
     114
     116
     107
     119
     102
     118
     121
      96
     105
     111
      95
     107
     105
     100
     111
     109
     120
      96
      92
     112
      99
     114
     115
     107
      94
     125
     112
     124
     100
     127
      97
      96
     117
     122
     139
     112
     114
      98
      99
     105
     123
     100
     122
     113
     105
     105
     130
     106
     116
     124
     114
     104
     124
     103
     111
     120
     118
     122
     119
     110
     109
     107
     117
     102
     117
     105
     129
     106
     110
     108
     124
     119
     130
     104
     104
     117
     119
     115
     114
     124
     109
      99
     114
     122
     107
     113
     118
     119
      97
     102
     110
     104
     119
     127
     119
     112
      95
     106
     116
     107
      97
     105
     105
     136
     124
     111
     105
      98
     109
     108
     113
     116
     116
     124
     120
     131
     105
     106
     110
     104
     126
      99
     121
     111
     116
     116
     121
      96
     109
     122
     136
     121
     115
     111
     110
     116
     121
     106
     107
     119
      90
     124
     104
     107
     104
      98
     107
     116
     144
     107
     116
     126
     117
      91
     110
      92
     125
     122
      99
      96
     126
     115
     112
     113
     109
     103
     113
     112
     105
     118
     100
     109
      97
     128
     114
     141
     107
     102
     121
     115
     121
     117
     103
     135
     129
     110
      94
      96
     102
     103
     123
     106
      97
     109
     121
     102
     106
     112
      90
     104
      87
     103
     127
     115
     120
     111
     123
     112
     127
     123
     113
     110
     110
     108
     118
      99
     109
     117
     115
     109
     109
      99
     122
     111
      81
      99
     117
     109
     124
     114
     116
     102
     101
      99
     115
     114
      97
     103
      98
      89
     116
     118
     104
     109
     101
     123
     112
      95
     141
     111
     105
     102
     121
     100
     104
     114
     110
      92
     101
     110
     109
     122
     119
     114
     100
     118
     111
     102
     130
     104
     120
     106
     111
     130
     113
     114
     102
      93
     112
     112
     100
     117
     128
     135
     110
     105
     122
     112
     124
     113
     125
     119
     126
     117
     122
     134
     121
     124
     125
     117
     122
     116
     143
     128
     133
      97
     117
     141
     138
     107
     101
     124
     133
     135
     123
     134
     128
     110
     130
     119
     108
     142
     123
     107
     126
     121
     120
     117
     116
     128
     136
     108
     109
     115
     111
     120
     121
     119
     125
     128
     113
     122
     139
     124
     130
     110
     143
     104
     123
     132
     107
     127
     104
      90
     128
     123
     115
     120
     114
     124
     114
     131
     118
     131
     123
     111
     113
     107
      74
     108
     124
     102
      99
     127
     113
     126
     116
     115
     109
     125
      99
      98
      92
     120
     106
     124
      99
     119
     105
     106
     124
     106
     119
     117
     100
      94
     109
     122
     106
     101
      93
     111
     110
     130
     111
     124
     111
      97
     103
     103
     107
     103
     100
     114
     133
     106
      99
     104
     110
      96
      96
      98
     102
     112
     111
     108
     116
      88
      93
     109
      96
      97
     119
      98
     100
     113
     100
     111
     103
      99
     100
     100
      94
      98
      86
      90
     119
     100
     110
     108
     108
      96
      97
      99
     103
     115
      92
     106
     100
     108
      96
      93
     104
     109
     103
      93
     104
      92
     111
      98
      99
      95
      90
     107
     107
      96
      92
      99
     111
     118
      97
     106
      99
     112
     100
      84
     103
     118
     111
      99
     112
     115
     108
      94
     107
     111
      95
      97
     107
     115
     102
      88
      99
     105
      92
      94
      96
      79
      87
      80
     116
      84
     108
     114
     113
      97
     114
      99
     110
      93
      91
      87
      96
      99
      66
     115
     104
      97
      90
      95
     111
      95
      99
     109
     115
     120
     107
     101
     104
     110
     104
     107
     101
      85
     100
     100
     108
      99
     119
     109
     111
     117
      94
      89
     104
     108
     109
      98
     109
      94
     106
      82
      84
     104
     118
     126
      99
      86
     130
     108
      94
      99
     107
     106
     103
     124
      86
     121
     113
     111
     102
     129
     124
     105
     102
     106
     108
      87
      86
     113
     115
     114
     100
     101
     101
     100
     103
     101
     109
     110
     123
      87
     108
      96
      92
      90
     114
     105
     116
     105
     113
      96
     112
     105
      96
     104
     111
     112
     102
      96
     114
     104
      97
     107
     121
     107
      86
     106
      99
     102
      92
     103
      98
      96
      75
      82
      82
      89
      95
      83
      68
      77
      80
      89
      90
      93
      67
      82
      88
      82
      84
      88
      85
      74
      74
      75
      58
      73
      64
      57
      57
      74
      56
      73
      69
      58
      64
      57
      42
      58
      56
      55
      55
      66
      44
      51
      38
      50
      50
      42
      43
      49
      47
      44
      49
      37
      41
      43
      38
      47
      44
      40
      30
      33
      32
      40
      35
      34
      35
      43
      34
      38
      37
      33
      36
      37
      24
      31
      31
      36
      28
      30
      31
      25
      23
      28
      25
      18
      20
      31
      21
      35
      35
      25
      16
      29
      23
      11
      14
      27
      23
      22
      19
      31
      16
      33
      20
      18
      18
      21
      25
      23
      23
      20
      25
      21
      22
      23
      18
      22
      21
      20
      12
      24
      21
      21
      22
      22
      18
      14
      19
      17
      28
      12
      20
      20
      10
      18
      13
      17
      21
      10
      20
      20
      15
      16
      17
      13
      21
      11
      15
      15
      14
      21
      14
       9
      11
       6
      22
       9
      13
      15
      15
      21
      18
      10
      22
      15
      14
      13
      13
      15
      15
      11
      24
      14
      21
      11
      17
      10
      11
      12
      16
      10
      12
       9
      15
      14
      18
      12
      10
       6
       8
      15
      12
      11
      12
      16
      14
      16
      17
      10
      24
      21
      11
      10
      14
      13
      20
      21
      10
       9
      10
      16
      10
      20
      10
      12
      12
      14
      13
      16
      12
      10
      11
      15
       9
      13
      10
      15
      17
      14
      12
      16
      13
       9
      14
      21
       9
      20
      15
      11
      16
      21
       5
      20
      14
      14
      12
      26
      16
      19
      16
      15
      15
      15
      12
      13
      19
      20
      16
      17
      19
      14
      15
      15
      26
      13
      10
      15
      20
      13
      16
      14
      13
      15
      17
      12
      19
      16
      24
      17
      20
      22
      23
      18
      19
      18
      24
      15
      17
      24
      20
      22
      21
      25
      23
      22
      24
      23
      27
      29
      28
      30
      29
      29
      26
      23
      32
      47
      44
      35
      59
      46
      51
      61
      51
      56
      51
      68
      61
      67
      65
      73
      69
      78
      95
      82
      84
      86
     120
     106
     114
     129
     119
     137
     126
     157
     151
     157
     174
     173
     169
     181
     185
     210
     204
     208
     228
     257
     236
     231
     268
     287
     266
     296
     286
     306
     293
     355
     330
     345
     334
     367
     392
     389
     388
     439
     428
     478
     456
     451
     447
     475
     524
     507
     520
     516
     523
     554
     586
     551
     645
     607
     603
     661
     657
     677
     672
     686
     675
     707
     740
     705
     679
     781
     765
     764
     821
     750
     829
     822
     745
     792
     807
     750
     860
     901
     842
     907
     847
     863
     841
     826
     844
     829
     862
     799
     849
     778
     851
     852
     826
     833
     802
     837
     807
     835
     795
     781
     730
     751
     708
     774
     720
     697
     755
     685
     714
     686
     673
     692
     646
     612
     637
     575
     574
     570
     595
     553
     556
     508
     502
     472
     490
     466
     408
     417
     400
     437
     368
     348
     399
     349
     314
     341
     300
     300
     299
     242
     283
     263
     249
     236
     220
     229
     188
     202
     172
     180
     159
     149
     166
     140
     127
     156
     129
     106
     115
     106
      90
      92
      83
      78
      77
      71
      61
      57
      48
      52
      48
      41
      41
      34
      46
      37
      36
      34
      32
      20
      27
      15
      24
      17
      20
      24
      19
      23
      10
      13
      15
       7
      12
       7
       6
       8
       6
       7
       7
       6
       4
       3
       8
       5
       3
       5
       3
       5
       4
       2
       0
       3
       3
       6
       5
       2
       2
       4
       2
       1
       1
       5
       3
       2
       2
       4
       1
       2
       4
       4
       1
       5
       3
       1
       2
       1
       0
       3
       3
       1
       3
       3
       3
       2
       0
       1
       0
       0
       2
       0
       0
       1
       1
       2
       0
       3
       2
       1
       1
       0
       3
       0
       0
       4
       0
       0
       3
       2
       3
       0
       1
       6
       1
       2
       1
       5
       3
       0
       2
       1
       3
       5
       3
       1
       1
       1
       1
       0
       3
       1
       0
       0
       1
       3
       0
       0
       5
       5
       1
       2
       1
       2
       2
       2
       3
       4
       1
       3
       2
       1
       1
       2
       0
       1
       1
       1
       4
       0
       1
       4
       4
       2
       2
       2
       3
       1
       0
       3
       2
       0
       1
       4
       0
       2
       1
       3
       1
       0
       0
       3
       4
       2
       2
       2
       1
       2
       1
       1
       1
       2
       2
       1
       1
       3
       1
       2
       3
       1
       2
       1
       3
       1
       1
       0
       1
       1
       2
       3
       2
       1
       2
       1
       0
       1
       3
       1
       1
       1
       1
       0
       3
       1
       1
       2
       2
       3
       0
       0
       1
       2
       0
       0
       1
       2
       4
       3
       3
       1
       2
       0
       1
       2
       0
       6
       0
       5
       1
       1
       1
       1
       3
       2
       0
       3
       2
       3
       3
       0
       1
       3
       1
       2
       0
       0
       2
       2
       3
       2
       4
       2
       1
       1
       3
       4
       1
       3
       3
       1
       2
       1
       1
       2
       3
       2
       4
       0
       3
       2
       1
       1
       3
       3
       2
       2
       1
       2
       0
       1
       1
       3
       2
       0
       0
       6
       3
       1
       3
       1
       2
       0
       4
       2
       0
       4
       2
       1
       4
       0
       1
       1
       1
       5
       7
       2
       1
       3
       3
       1
       1
       0
       0
       1
       2
       2
       2
       0
       3
       2
       2
       0
       1
       1
       2
       3
       0
       0
       0
       1
       2
       2
       1
       1
       1
       3
       0
       2
       2
       1
       1
       1
       1
       1
       4
       0
       1
       1
       2
       1
       4
       1
       1
       1
       1
       1
       4
       1
       2
       3
       0
       0
       4
       3
       1
       3
       2
       3
       3
       2
       0
       1
       0
       3
       6
       2
       2
       1
       2
       0
       1
       2
       0
       3
       1
       0
       0
       2
       1
       2
       3
       0
       0
       1
       2
       3
       2
       1
       1
       3
       0
       1
       4
       2
       1
       2
       1
       1
       2
       4
       0
       3
       1
       3
       0
       3
       3
       0
       3
       2
       2
       3
       3
       1
       2
       0
       3
       0
       2
       1
       0
       6
       2
       2
       3
       3
       1
       1
       4
       3
       4
       1
       3
       1
       2
       3
       1
       1
       2
       3
       1
       2
       3
       0
       1
       1
       1
       3
       0
       2
       4
       0
       1
       2
       1
       0
       2
       3
       2
       2
       1
       4
       3
       2
       1
       1
       1
       2
       3
       0
       0
       1
       1
       1
       1
       1
       2
       3
       1
       0
       2
       0
       1
       4
       2
       2
       3
       1
       1
       2
       1
       1
       1
       1
       1
       3
       0
       0
       2
       0
       1
       1
       0
       1
       2
       0
       1
       1
       2
       0
       0
       2
       3
       2
       1
       0
       1
       4
       1
       2
       0
       2
       1
       0
       1
       2
       3
       0
       2
       1
       0
       2
       0
       3
       0
       1
       0
       1
       1
       1
       1
       2
       1
       0
       0
       1
       1
       0
       2
       1
       1
       1
       0
       2
       3
       2
       2
       2
       2
       1
       3
       1
       1
       3
       2
       0
       1
       4
       3
       1
       0
       2
       5
       0
       2
       3
       2
       3
       1
       3
       1
       3
       2
       3
       0
       3
       1
       4
       2
       0
       0
       1
       1
       2
       1
       2
       1
       2
       1
       0
       1
       2
       1
       1
       1
       3
       3
       3
       1
       1
       1
       2
       1
       0
       1
       0
       2
       2
       1
       0
       0
       0
       0
       2
       0
       1
       0
       2
       1
       2
       0
       0
       0
       0
       3
       1
       2
       0
       2
       0
       0
       1
       0
       3
       5
       2
       0
       2
       2
       3
       2
       2
       1
       0
       3
       2
       2
       1
       0
       0
       3
       1
       1
       0
       3
       1
       0
       1
       1
       0
       0
       0
       3
       1
       1
       2
       1
       0
       1
       1
       0
       2
       0
       0
       1
       1
       1
       1
       2
       1
       0
       0
       3
       0
       1
       1
       2
       1
       1
       1
       2
       1
       1
       0
       0
       0
       2
       0
       1
       2
       1
       2
       0
       1
       1
       1
       0
       1
       1
       0
       1
       1
       1
       2
       2
       2
       2
       1
       1
       3
       0
       0
       1
       2
       4
       0
       2
       1
       0
       1
       2
       2
       1
       2
       0
       0
       1
       1
       3
       2
       2
       0
       2
       2
       1
       0
       0
       1
       2
       0
       0
       0
       2
       1
       1
       1
       0
       2
       1
       1
       1
       1
       2
       1
       0
       1
       0
       0
       2
       1
       2
       1
       0
       0
       0
       0
       0
       0
       0
       0
       0
       0
       0
       0
       0
       0
       0
       0
       0
       0
       0
       0
       0
       0
       0
       0
       0
       0
       0
       0
       0
       0
       0
       0
$ROI:
0
$PRESETS:
None
0
0
$ENER_FIT:
0.000000 0.405234
$MCA_CAL:
3
0.000000E+000 4.052339E-001 0.000000E+000 keV
$SHAPE_CAL:
3
0.000000E+000 0.000000E+000 0.000000E+000
