$SPEC_ID:
Recoil
$SPEC_REM:
DET# 3
DETDESC# JLAB-11 MCB 134
AP# Maestro Version 7.01
$DATE_MEA:
10/24/2022 16:28:38
$MEAS_TIM:
2205 2283
$DATA:
0 2047
       0
       0
       0
       0
       0
       0
       0
       0
       0
       0
       0
       0
       0
       0
       0
       0
       0
       0
       0
       0
       0
       0
       0
       0
       0
       0
       0
       0
       0
       0
       0
       0
       0
       0
       0
       0
       0
       1
       0
       0
       0
       0
       0
       0
       0
       0
       0
       0
       0
       0
       2
       0
       2
       0
       3
       3
       8
       5
       4
       1
       7
       5
       5
       3
       5
       6
       2
       5
       6
       8
       9
      10
       5
       7
       5
       7
      13
       8
       9
       9
       6
       9
       5
       8
      12
       7
       8
      10
      12
       9
      10
      12
       8
      11
       8
       9
      15
       6
      12
      10
      13
      10
       9
      14
      18
      12
      10
      18
      15
      14
       9
      15
      22
      13
      12
       9
      13
      14
      15
       8
       8
       8
      21
      14
      12
      22
      13
      20
      16
      21
      20
      13
      16
      19
      22
      11
      17
      19
      26
      19
       9
      13
      19
      21
      19
      18
      15
      15
      19
      23
      17
      25
      17
      14
      20
      20
       9
      24
      18
      21
      24
      22
      22
      17
      18
      21
      21
      21
      21
      21
      18
      15
      23
      21
      13
      17
      28
      18
      16
      24
      17
      21
      24
      21
       9
      38
      16
      30
      21
      15
      26
      18
      26
      18
      25
      19
      18
      29
      21
      31
      25
      27
      18
      26
      29
      25
      25
      24
      15
      12
      17
      15
      15
      18
      19
      20
      19
      23
      14
      22
      22
      19
      21
      21
      26
      24
      23
      23
      23
      17
      21
      21
      26
      23
      12
      21
      18
      15
      11
      17
      20
      27
      26
      14
      32
      10
      21
      17
      17
      14
      15
       9
      20
      26
      17
      17
      24
      20
      27
      16
      23
      24
      19
      12
      16
      13
      19
      28
      19
      23
      18
      15
      21
      14
      19
      12
      20
      18
      18
       9
      23
      14
      18
      20
      19
      15
      14
      22
      19
      13
      22
      15
      19
      20
      19
      21
      19
       9
      24
      19
      12
      14
      16
      15
      13
      20
      15
      23
      22
      22
      10
      14
      18
      20
      14
      18
      19
      14
      20
      16
      17
      15
      13
      21
      20
      18
      16
      19
      16
      21
      16
      22
      18
      18
      17
      12
      15
      22
      15
      17
      18
      17
      20
      20
      14
      21
      28
      13
      30
      16
      26
      26
      13
      17
      14
      14
      17
      21
      11
      17
      20
      36
      20
      21
      28
      27
      20
      17
      24
      18
      16
      15
      15
      12
      23
      31
      26
      22
      15
      18
      22
      14
      18
      17
      15
      25
      11
      18
      18
      25
      22
      19
      27
      26
      17
      27
      16
      22
      22
      28
      31
      26
      24
      14
      24
      23
      20
      21
      26
      40
      25
      28
      19
      32
      28
      36
      31
      38
      26
      33
      34
      34
      39
      31
      28
      36
      34
      33
      43
      31
      34
      34
      47
      35
      36
      33
      39
      35
      33
      29
      35
      38
      39
      51
      30
      43
      38
      38
      29
      31
      33
      29
      36
      35
      35
      40
      29
      42
      41
      40
      39
      28
      46
      38
      37
      35
      41
      41
      29
      37
      34
      20
      35
      26
      37
      28
      34
      30
      22
      30
      21
      31
      24
      20
      28
      30
      21
      20
      25
      25
      33
      29
      28
      25
      26
      21
      17
      30
      20
      27
      19
      21
      31
      29
      25
      31
      27
      20
      25
      25
      21
      20
      19
      21
      15
      26
      16
      22
      20
      21
      24
      24
      21
      22
      17
      14
      18
      21
      23
      22
      13
      17
      24
      18
      19
      17
      17
      19
      18
      15
      20
      18
      14
      18
      15
      13
      21
      19
      19
      18
      25
      15
      19
      18
      26
      18
      29
      16
      23
      13
      20
      24
      20
      20
      15
      10
      22
      14
      18
      18
      12
      12
      21
      14
      14
      17
      20
      16
      14
      27
      15
      17
      18
      26
      16
      21
      13
      21
      13
      16
      13
      20
      16
      22
      15
      11
       9
      11
      22
      22
      23
      23
       4
      16
      18
      24
      13
      14
      15
      11
      13
      18
      16
      17
       9
      11
      18
       9
      13
      11
      16
      22
      11
       9
      17
      17
       7
      18
      11
      14
      13
      11
      15
      12
      21
      16
      14
      17
      14
      15
      21
      14
      20
      23
      15
      22
      20
      16
       8
       9
      11
      17
      10
      14
      13
       9
      21
      16
       8
      15
      15
      12
      11
      12
      16
      16
      15
      11
      16
      14
      19
      13
      10
      14
      17
      14
      14
      12
      15
      14
      11
      11
      15
      11
      17
      11
      11
      15
       9
      17
      11
      12
      13
      14
      11
      11
       7
      11
      14
      14
      13
      11
      17
      16
      13
      12
      17
      21
      10
       9
      15
      19
      14
      10
      22
      15
      10
      14
      16
      12
      13
      13
      26
      17
       9
      14
      12
      12
      11
      15
      12
      13
      18
      14
       8
      18
      21
      13
      12
      14
      16
      15
      17
      11
      11
      18
      14
      15
      17
      14
      14
      14
       9
      12
       9
      11
      14
      10
      15
       9
      10
      13
      15
      11
      13
      15
      12
       9
       7
      10
      10
      11
      15
      13
      16
      14
      12
      14
      17
      12
      11
      12
      19
      19
       6
      12
      15
      14
       5
      14
       6
      23
      17
      25
       9
      12
       9
      12
       8
      19
      16
      19
      11
      12
      15
      14
      11
      15
      20
       8
      18
      20
      14
      16
      11
      14
      12
      14
      14
      10
       8
       8
      10
      12
      13
      17
      17
      11
      13
      14
      14
      19
      20
      12
      14
      16
      11
      12
      11
      10
      18
       8
      11
      15
      15
      12
      15
      15
      10
      18
      12
      11
      17
       8
      12
      11
      12
      13
      13
      11
       9
      14
      11
      10
      12
       6
      13
      16
       9
       9
      22
      10
      16
       9
      12
       7
      12
      14
      11
      15
      13
      16
      16
      15
      17
      18
       9
      12
      18
      16
       9
      13
      10
      13
      15
       9
      11
       8
       9
      10
      21
      13
      12
      14
      12
       8
       8
       9
      11
      10
      16
       5
      14
      10
      15
      16
      10
      13
      19
      13
       9
       8
      10
      11
      13
       9
      10
      15
       5
      14
      12
      10
      15
      10
      11
      17
      10
      10
       7
      19
      11
      11
      10
      12
      11
      19
       9
       7
      18
      14
       7
      16
      18
      10
      13
       9
      14
      13
      13
       8
      15
      16
      12
      12
      15
      12
       9
       6
       8
      11
      16
      10
      10
      13
      19
      11
      15
      11
      16
      14
      10
      16
      10
      10
      13
      11
      11
       9
       7
      15
      12
       9
       9
      11
      21
      10
      18
      11
      15
      13
      16
      15
      12
      10
      14
       5
      12
      12
       9
      15
       8
       9
      13
      12
      11
      11
      13
       7
      10
       9
      16
       6
       9
       8
      11
      14
      11
      12
       9
      11
       5
       6
       8
      11
       8
      10
       4
       6
      10
       9
       8
      11
      12
      16
      10
      12
       5
       9
       4
       9
       4
       7
       8
       8
      10
       4
       8
       4
      10
       8
       7
       7
       4
       7
       6
       3
       7
       9
      14
       5
       9
       8
       4
       4
       9
      11
       9
       3
       9
       5
       7
       2
       6
       5
       5
       6
       4
       4
       8
       4
       8
       1
       7
       5
       4
       1
       5
       1
       5
       5
       9
       4
       4
       6
       4
       4
       5
       3
       5
       4
       4
       5
       3
       8
       4
       4
       4
       2
       5
       2
       1
       7
       8
       7
       5
       4
       5
       2
       4
       1
       2
       4
       6
       7
       5
       9
       4
       3
       2
       2
       7
       4
       6
       5
       3
       3
       5
       1
       1
       3
       2
       3
       4
       4
       1
      12
       4
       5
       3
       1
       1
       5
       6
       2
       3
       3
       6
       1
       5
       2
       4
       8
       0
       3
       6
       4
       4
       8
       3
       3
       4
       0
       2
       1
       4
       2
       3
       1
       3
       7
       2
       7
       4
       5
       7
       1
       3
       6
       7
       3
       2
       3
       3
       3
       4
       4
       2
       2
       3
       2
       1
       2
       2
       1
       4
       8
       1
       7
       3
       2
       2
       2
       4
       4
       2
       3
       0
       2
       3
       3
       3
       2
       4
       2
       4
       1
       5
       1
       5
       3
       3
       2
       6
       1
       1
       7
       1
       1
       3
       5
       7
       4
       0
       1
       2
       4
       1
       2
       1
       5
       2
       2
       4
       2
       2
       2
       5
       0
       2
       2
       0
       0
       4
       5
       3
       4
       3
       2
       3
       7
       4
       2
       4
       2
       1
       2
       4
       1
       3
       3
       5
       3
       2
       0
       2
       1
       0
       2
       1
       7
       8
       2
       4
       3
       1
       3
       4
       2
       5
       3
       4
       3
       4
       4
       3
       0
       4
       4
       3
       4
       2
       4
       5
       4
       3
       6
       2
       2
       7
       3
       4
       5
       3
       3
       3
       3
       2
       4
       6
       1
       4
       7
       4
       4
       4
       1
       6
       9
       3
       3
       6
       1
       3
       5
       5
       8
      11
       7
       4
      10
       3
       8
      10
       4
       3
       3
       8
      12
       7
       9
       7
       8
       4
       8
      10
      10
       4
       7
       5
       9
      14
       5
       8
      14
      10
       9
       7
       9
      15
       8
      18
       9
      13
      11
      12
      10
      22
      16
      12
      15
      12
      15
      15
      16
      15
      12
      14
      10
      23
      16
      10
      27
      15
      20
      21
      18
      23
      23
      22
      23
      33
      20
      17
      20
      31
      37
      17
      20
      26
      27
      26
      28
      25
      29
      23
      36
      28
      34
      22
      39
      41
      24
      31
      31
      42
      41
      30
      35
      45
      43
      34
      34
      31
      26
      42
      36
      32
      48
      34
      31
      35
      51
      33
      34
      37
      42
      31
      46
      49
      43
      42
      31
      37
      40
      37
      48
      37
      36
      33
      46
      31
      24
      33
      46
      40
      42
      39
      34
      38
      35
      32
      28
      35
      28
      31
      27
      35
      39
      38
      37
      25
      34
      36
      18
      22
      27
      26
      23
      16
      40
      35
      26
      30
      28
      33
      25
      23
      27
      21
      16
      27
      13
      31
      17
      15
      26
      15
      29
      17
      16
      18
      14
      22
      14
      18
      17
      15
      10
      15
      14
      17
      14
      11
      18
      14
      16
       9
       9
       8
      11
       8
       7
       3
      11
       9
       6
       9
       6
       7
       6
       5
       9
       3
       7
       6
       5
       5
       2
       6
       4
       5
       1
       3
       3
       3
       4
       8
       1
       5
       0
       9
       2
       0
       1
       2
       4
       0
       2
       0
       1
       1
       3
       0
       0
       0
       2
       0
       2
       1
       2
       1
       0
       1
       0
       1
       1
       0
       2
       1
       1
       0
       2
       1
       2
       1
       0
       0
       0
       0
       1
       0
       0
       0
       1
       1
       0
       0
       0
       1
       0
       0
       1
       0
       1
       0
       2
       0
       0
       1
       2
       0
       0
       1
       1
       0
       0
       0
       0
       0
       0
       1
       1
       1
       0
       1
       1
       1
       0
       1
       0
       0
       1
       0
       1
       1
       0
       0
       0
       0
       0
       0
       0
       0
       0
       0
       0
       0
       1
       0
       0
       1
       0
       0
       2
       0
       1
       1
       0
       0
       0
       1
       1
       0
       0
       0
       0
       0
       1
       0
       0
       0
       0
       0
       0
       0
       0
       0
       0
       1
       0
       0
       0
       1
       1
       0
       0
       0
       0
       0
       1
       1
       2
       0
       2
       1
       1
       0
       1
       0
       0
       0
       0
       1
       1
       0
       0
       0
       0
       0
       1
       0
       1
       1
       0
       0
       1
       0
       1
       0
       0
       1
       1
       0
       0
       1
       0
       0
       0
       1
       0
       1
       1
       0
       1
       0
       0
       0
       0
       0
       0
       2
       0
       1
       1
       0
       0
       1
       0
       0
       0
       0
       0
       1
       0
       0
       0
       0
       2
       0
       1
       0
       0
       0
       0
       0
       0
       0
       0
       0
       0
       1
       0
       0
       2
       0
       0
       0
       0
       0
       0
       1
       0
       0
       0
       0
       0
       0
       0
       1
       1
       1
       0
       0
       0
       0
       0
       0
       0
       1
       0
       0
       0
       1
       0
       0
       0
       0
       0
       0
       1
       1
       0
       0
       0
       1
       1
       1
       0
       0
       0
       0
       1
       1
       0
       0
       0
       1
       0
       0
       1
       0
       0
       0
       0
       0
       1
       1
       1
       1
       0
       0
       1
       1
       0
       0
       1
       0
       1
       1
       0
       0
       1
       0
       1
       0
       1
       0
       0
       1
       0
       0
       0
       1
       0
       0
       0
       0
       1
       0
       0
       0
       1
       0
       0
       0
       0
       0
       0
       1
       0
       0
       2
       1
       0
       0
       0
       0
       0
       0
       1
       0
       1
       0
       0
       0
       0
       0
       0
       0
       0
       0
       0
       1
       0
       0
       1
       2
       0
       0
       1
       0
       0
       0
       0
       0
       0
       1
       0
       0
       0
       0
       0
       1
       1
       0
       0
       0
       0
       2
       0
       0
       0
       0
       0
       0
       1
       0
       1
       1
       0
       1
       0
       0
       0
       0
       0
       1
       0
       1
       0
       0
       0
       0
       0
       0
       0
       0
       0
       0
       1
       0
       1
       0
       0
       0
       1
       1
       1
       1
       1
       1
       0
       0
       0
       0
       0
       0
       1
       0
       0
       0
       0
       0
       0
       0
       0
       0
       0
       0
       0
       0
       0
       0
       0
       0
       0
       0
       0
       0
       0
       0
       0
       0
       0
       0
       0
       0
       0
       0
       0
       0
       0
       0
       0
       0
       0
       0
       0
$ROI:
0
$PRESETS:
None
0
0
$ENER_FIT:
0.000000 0.395817
$MCA_CAL:
3
0.000000E+000 3.958172E-001 0.000000E+000 keV
$SHAPE_CAL:
3
0.000000E+000 0.000000E+000 0.000000E+000
