$SPEC_ID:
Scatter
$SPEC_REM:
DET# 2
DETDESC# JLAB-11 MCB 133
AP# Maestro Version 7.01
$DATE_MEA:
10/24/2022 16:28:40
$MEAS_TIM:
2262 2296
$DATA:
0 2047
       0
       0
       0
       0
       0
       0
       0
       0
       0
       0
       0
       0
       0
       0
       0
       0
       0
       0
       0
       0
       0
       0
       0
       0
       0
       0
       0
       0
       0
       0
       0
       0
       0
       0
       0
       0
       0
       0
       0
       0
       0
       0
       0
       0
       0
       0
       0
       0
       0
       0
       0
       0
       0
       0
       0
       0
       0
       0
       0
       0
       0
       0
       0
       0
       0
       0
       0
       0
       0
       0
       0
       0
       0
       0
       0
       0
       0
       0
       0
       0
       0
       0
       0
       0
       0
       0
       0
       0
       0
       5
      14
      17
      12
      13
      14
      19
       9
      13
      17
      18
      17
      16
      18
      19
      15
      21
      14
      30
      20
      15
      12
      19
      22
      17
      16
      13
      15
      14
      19
      11
      15
      13
      24
      25
      14
       9
      17
      13
      17
      18
      18
      19
      14
      11
      18
      12
      20
      17
      21
      23
      21
      24
      23
      13
      16
      19
      32
      20
      14
      21
      21
      26
      19
      22
      15
      20
      17
      24
      22
      14
      13
      32
      27
      15
      22
      17
      25
      25
      21
      19
      24
      28
      25
      24
      31
      31
      23
      27
      32
      19
      27
      24
      26
      42
      25
      28
      32
      22
      31
      26
      14
      33
      32
      28
      26
      29
      28
      21
      23
      34
      23
      17
      22
      22
      31
      24
      17
      27
      29
      14
      25
      30
      24
      19
      25
      21
      26
      27
      21
      20
      21
      22
      17
      15
      23
      21
      16
      18
      22
      24
      16
      19
      23
      24
      18
      21
      13
      18
      26
      24
      14
      20
      30
      18
      22
      19
      18
      19
      21
      26
      14
      30
      23
      24
      21
      22
      17
      35
      33
      27
      19
      19
      23
      17
      28
      23
      28
      26
      24
      22
      21
      22
      24
      25
      23
      25
      24
      23
      20
      22
      25
      34
      31
      26
      16
      28
      28
      26
      24
      27
      30
      20
      23
      23
      21
      24
      27
      35
      23
      30
      28
      17
      28
      30
      12
      23
      18
      23
      34
      25
      25
      25
      36
      23
      24
      25
      22
      26
      27
      17
      24
      28
      24
      38
      15
      22
      16
      29
      30
      27
      29
      23
      21
      21
      28
      31
      23
      26
      20
      24
      25
      24
      24
      22
      20
      27
      30
      13
      21
      18
      30
      17
      18
      29
      22
      26
      26
      22
      22
      35
      23
      26
      28
      22
      26
      32
      21
      18
      27
      23
      26
      23
      24
      36
      20
      26
      19
      27
      26
      22
      25
      27
      18
      14
      27
      19
      22
      29
      23
      23
      29
      28
      24
      27
      28
      30
      27
      26
      20
      29
      18
      23
      22
      23
      23
      23
      18
      23
      18
      20
      17
      25
      36
      23
      22
      19
      23
      27
      15
      31
      25
      28
      19
      26
      20
      29
      21
      29
      23
      28
      24
      22
      29
      23
      26
      30
      21
      16
      22
      31
      17
      26
      26
      23
      28
      25
      19
      23
      25
      18
      16
      22
      30
      22
      27
      24
      14
      25
      30
      23
      19
      21
      20
      21
      19
      23
      28
      28
      27
      22
      22
      20
      14
      24
      33
      19
      27
      23
      19
      21
      31
      18
      23
      20
      22
      18
      23
      29
      11
      17
      17
      15
      18
      15
      18
      19
      14
      20
      23
      17
      21
      20
      11
      20
      22
      26
      11
      18
      24
      19
      21
       9
      16
      23
      17
      22
      20
      15
      16
      19
      16
      25
      19
      19
      20
      18
      23
      13
      21
      24
      22
      26
      26
      17
      15
      13
      24
      17
      18
      15
      21
      33
      19
      11
      23
      21
      19
      15
      12
      23
      15
      19
      17
      17
      14
      24
      15
      17
      17
      18
      16
      11
      16
      15
      14
       9
      14
      12
      20
      15
      18
      13
      20
      21
      15
      17
      16
      12
      14
      12
      13
      13
      12
      19
      15
      14
      26
      14
      12
      15
      14
      23
      20
      20
      16
      11
      15
      22
      12
      18
      17
      16
      13
      13
      20
      12
      17
      19
      13
      13
       9
      18
      17
      13
      16
      15
      15
      15
      21
      22
      18
      11
      20
      11
      12
      18
       7
      16
      15
      15
      17
      20
      14
      12
      17
      16
      17
      20
      17
      14
      18
      17
      14
      13
      16
      15
      16
      13
      15
      12
      15
      18
       9
      11
      11
      14
       9
      22
       8
      19
      11
      14
      12
      16
      11
      22
      11
      13
      11
      12
      13
      12
       9
      12
      11
      13
      11
      22
       8
      13
      17
      21
      17
      18
      17
       9
      13
      10
      16
      14
      16
      20
      14
      15
      15
      14
       9
      15
      11
      10
      18
      11
      11
      14
      13
      18
      17
      17
      10
      16
      12
       8
      14
      11
      15
      12
      12
      15
      12
      18
      14
       9
      11
      12
      14
       6
      14
      14
      17
      19
      16
       7
      12
      10
      14
       8
      17
      15
      14
      15
       7
      12
      23
      18
      12
      20
      15
      14
      13
      17
      15
      14
      18
      10
      10
      13
      18
      14
      19
      10
       6
      12
      14
      18
      11
      10
      11
      15
      15
      19
      13
       8
      12
      18
      10
      25
       9
      12
      11
      17
      15
      11
      13
      15
       6
      11
      11
      11
      11
      16
      15
      15
      16
      12
      11
      16
       9
      16
      15
      14
      13
      15
       6
       8
      15
      14
      16
       9
      10
      15
      10
      11
      14
      13
      15
       8
      15
      11
       7
      16
      10
      14
      11
       9
      11
       7
      11
      13
      10
      11
      12
      18
      13
       9
       9
      11
      15
       9
       7
      16
      10
      11
      10
      16
      14
      12
       8
       8
       7
      11
      12
       7
      10
       8
      14
      11
       7
      16
      13
      13
       9
      17
      12
      11
      10
      14
      11
      18
      11
      12
       7
      12
       4
       9
      13
      11
      10
       9
      20
      12
      11
      16
      20
      13
      12
      12
      14
       7
      20
      17
      11
       5
      10
      11
      12
      12
       8
      14
      12
      11
       8
      16
       8
       8
      11
       7
      12
      10
      14
      11
      14
      14
       6
       7
      11
      23
      18
      16
      12
      14
      19
      20
      11
      13
      10
      13
       9
      15
      17
       5
      18
      17
      19
      23
      14
       7
      10
      12
      14
      17
      15
      14
      18
      13
      21
      14
       8
      19
      19
       8
      17
      10
      15
      19
      17
      16
      14
      14
      12
      18
      13
      13
      10
      11
      15
      12
      19
      13
      19
      11
      16
      17
      26
      15
      19
      16
      20
      16
      19
      14
      17
      27
      17
      11
      18
      22
      24
      13
      17
      19
      13
      10
      14
      14
      20
      17
      17
      30
      19
      15
      21
      19
      17
      15
      25
      18
      25
      26
      17
      14
      19
      19
      23
      24
      17
      20
      17
      18
      18
      17
      18
      20
      18
      15
      15
      22
      19
      19
      17
      17
      14
      19
      26
      23
      14
      16
      18
      22
      15
      24
      14
      14
      23
      17
      17
      12
      19
      20
      12
      19
      16
      18
      12
      10
      11
      12
      12
      21
      17
      13
      15
      12
       8
       9
      10
      15
      13
      10
      14
       8
      11
       4
      10
       8
      10
       9
       5
       8
      15
      10
       6
      13
       7
       7
       9
       9
       6
       7
       7
       6
       8
       6
       4
       5
       2
       6
       9
       5
       5
       3
       4
       8
      10
       6
       6
       4
       7
       5
       3
       4
       6
       4
       4
       4
       3
       4
       7
       6
       2
       4
       3
       7
       7
       5
       1
       2
       5
       3
       9
       6
       4
       1
       0
       4
       1
       3
       5
       1
       8
       2
       6
       5
       5
       3
       3
       4
       1
       4
       4
       3
       1
       2
       5
       4
       1
       7
       1
       4
       1
       2
       2
       3
       2
       1
       5
       5
       2
       0
       7
       3
       3
       4
       3
       1
       0
       3
       3
       3
       1
       1
       4
       3
       3
       3
       0
       3
       4
       2
       1
       5
       5
       3
       2
       1
       2
       0
       3
       2
       6
       5
       3
       3
       1
       2
       2
       3
       1
       2
       3
       0
       3
       2
       2
       0
       3
       4
       4
       3
       1
       2
       1
       3
       4
       3
       2
       3
       4
       4
       2
       0
       0
       6
       5
       2
       4
       1
       1
       1
       2
       3
       5
       1
       1
       5
       4
       1
       5
       1
       4
       4
       3
       4
       2
       3
       3
       4
       3
       6
       2
       2
       5
       3
       2
       0
       2
       2
       2
       1
       0
       2
       5
       3
       6
       4
       3
       6
       1
       5
       3
       2
       5
       1
       2
       1
       5
       2
       1
       2
       2
       3
       2
       1
       2
       7
       2
       5
       2
       1
       2
       3
       3
       1
       3
       1
       6
       5
       3
       1
       4
       0
       6
       6
       6
       2
       8
       5
       5
       3
       3
       3
       3
       6
       3
       7
       3
       8
       5
       4
       7
      11
       4
       4
       7
       3
       8
       6
       3
       5
       5
       4
       7
       4
       7
       4
       4
       6
       6
       4
      11
       8
       4
       3
       7
      10
       5
       5
      12
       5
      11
       8
       7
      10
       6
      11
      13
       6
      11
      15
      14
      17
      15
      14
      14
      11
      12
      14
      16
      21
      27
      17
      15
      17
      17
      14
      16
      14
      18
      14
      16
      27
      21
      26
      22
      27
      30
      30
      27
      21
      24
      27
      18
      23
      27
      30
      35
      26
      28
      29
      26
      26
      23
      30
      44
      36
      41
      32
      28
      13
      32
      46
      28
      37
      38
      39
      38
      32
      35
      35
      42
      32
      38
      27
      35
      43
      26
      38
      45
      53
      38
      42
      34
      35
      41
      48
      40
      37
      42
      43
      43
      47
      47
      37
      49
      31
      36
      43
      27
      37
      39
      32
      44
      34
      31
      33
      50
      35
      27
      31
      32
      30
      41
      27
      33
      41
      40
      26
      25
      32
      30
      25
      22
      30
      35
      34
      36
      26
      26
      24
      27
      24
      25
      15
      24
      18
      19
      23
      22
      22
      21
      20
      17
      19
      13
      21
      15
      13
       9
      20
      12
      16
      11
      11
      10
       6
       9
      14
      14
      11
       7
       5
      11
       9
       6
       5
       8
       4
       6
      10
       2
       6
      10
       5
      12
       4
       2
       7
       9
       4
       1
       3
       2
       3
       4
       2
       1
       2
       4
       2
       2
       0
       0
       3
       4
       1
       2
       4
       3
       1
       2
       2
       1
       1
       1
       3
       2
       3
       0
       0
       1
       1
       0
       1
       0
       1
       0
       1
       0
       0
       2
       1
       0
       2
       0
       1
       1
       1
       1
       0
       0
       0
       0
       0
       0
       1
       0
       0
       0
       1
       0
       2
       0
       1
       0
       0
       0
       0
       0
       0
       0
       1
       1
       0
       0
       0
       0
       0
       1
       0
       1
       0
       1
       0
       0
       0
       0
       1
       0
       0
       0
       0
       1
       0
       0
       0
       0
       0
       0
       0
       1
       0
       0
       0
       0
       0
       0
       0
       0
       0
       1
       0
       0
       0
       0
       1
       0
       2
       0
       0
       0
       0
       0
       0
       0
       0
       1
       1
       2
       0
       0
       0
       0
       0
       0
       0
       1
       1
       0
       0
       0
       0
       0
       1
       0
       0
       1
       0
       1
       2
       0
       0
       0
       0
       0
       0
       0
       1
       0
       1
       0
       0
       0
       1
       0
       1
       0
       0
       2
       0
       0
       1
       0
       1
       0
       2
       0
       0
       2
       0
       0
       2
       0
       0
       0
       0
       0
       1
       0
       0
       1
       2
       0
       0
       2
       0
       1
       0
       1
       0
       1
       0
       0
       0
       1
       0
       0
       0
       0
       0
       0
       0
       0
       0
       1
       0
       1
       0
       0
       0
       0
       0
       0
       0
       1
       1
       0
       3
       0
       0
       0
       0
       0
       1
       0
       0
       0
       0
       2
       0
       0
       0
       0
       0
       1
       0
       0
       0
       0
       0
       0
       0
       0
       1
       0
       1
       0
       0
       1
       0
       0
       0
       0
       0
       0
       0
       0
       0
       0
       0
       0
       0
       0
       0
       0
       1
       0
       0
       0
       0
       1
       0
       0
       0
       0
       2
       0
       0
       0
       0
       0
       1
       0
       0
       0
       0
       1
       0
       0
       0
       0
       0
       0
       0
       0
       0
       0
       0
       2
       0
       1
       0
       0
       1
       1
       1
       0
       0
       1
       0
       0
       1
       0
       0
       1
       0
       0
       0
       0
       0
       0
       0
       0
       0
       0
       1
       1
       0
       1
       0
       0
       0
       1
       0
       0
       0
       0
       1
       0
       0
       0
       0
       0
       0
       0
       1
       1
       0
       1
       0
       0
       0
       0
       0
       0
       0
       0
       0
       0
       0
       0
       0
       0
       1
       0
       0
       0
       0
       0
       0
       0
       0
       0
       0
       0
       0
       0
       0
       1
       0
       0
       0
       1
       0
       0
       0
       0
       0
       0
       0
       0
       0
       0
       0
       0
       0
       1
       0
       0
       0
       1
       0
       0
       0
       0
       2
       2
       0
       0
       1
       0
       0
       0
       0
       1
       0
       2
       0
       0
       1
       0
       0
       1
       0
       0
       1
       0
       1
       0
       0
       0
       0
       0
       1
       1
       0
       0
       0
       0
       0
       0
       1
       0
       1
       0
       0
       0
       0
       0
       0
       0
       0
       0
       0
       2
       0
       0
       0
       0
       0
       0
       1
       0
       0
       0
       1
       0
       0
       0
       0
       0
       0
       0
       0
       0
       0
       0
       0
       0
       0
       0
       0
       0
       0
       0
       0
       0
       0
       0
       0
       0
       0
       0
       0
       0
       0
       0
       0
       0
       0
$ROI:
0
$PRESETS:
None
0
0
$ENER_FIT:
0.000000 0.405234
$MCA_CAL:
3
0.000000E+000 4.052339E-001 0.000000E+000 keV
$SHAPE_CAL:
3
0.000000E+000 0.000000E+000 0.000000E+000
