$SPEC_ID:
Scatter
$SPEC_REM:
DET# 2
DETDESC# JLAB-11 MCB 133
AP# Maestro Version 7.01
$DATE_MEA:
11/04/2022 12:18:46
$MEAS_TIM:
444 456
$DATA:
0 2047
       0
       0
       0
       0
       0
       0
       0
       0
       0
       0
       0
       0
       0
       0
       0
       0
       0
       0
       0
       0
       0
       0
       0
       0
       0
       0
       0
       6
       8
       8
      10
      10
       9
      15
      18
      26
      33
      33
      48
      47
      38
      44
      59
      60
      42
      46
      58
      49
      60
      58
      52
      47
      47
      55
      58
      57
      72
      61
      51
      46
      54
      39
      60
      55
      62
      59
      55
      55
      51
      46
      46
      48
      51
      54
      48
      51
      56
      63
      55
      58
      51
      43
      56
      58
      56
      57
      49
      41
      48
      55
      53
      57
      45
      50
      56
      60
      63
      44
      55
      63
      53
      62
      55
      49
      57
      65
      60
      37
      67
      58
      55
      47
      61
      61
      59
      52
      59
      55
      51
      53
      57
      76
      60
      55
      52
      50
      56
      53
      60
      53
      51
      75
      49
      66
      73
      57
      48
      76
      61
      66
      45
      55
      54
      69
      50
      52
      59
      65
      49
      65
      60
      52
      63
      56
      54
      55
      51
      63
      51
      58
      57
      64
      60
      64
      47
      64
      59
      49
      58
      48
      51
      46
      54
      67
      59
      60
      52
      56
      54
      54
      79
      58
      50
      48
      49
      58
      57
      58
      61
      59
      54
      63
      58
      57
      69
      68
      57
      58
      66
      64
      58
      64
      55
      60
      69
      62
      61
      54
      56
      66
      63
      73
      57
      66
      68
      55
      58
      59
      79
      60
      52
      62
      56
      58
      53
      70
      50
      61
      44
      55
      65
      61
      51
      63
      52
      50
      67
      49
      63
      68
      54
      62
      51
      37
      58
      45
      57
      59
      47
      47
      76
      54
      60
      68
      66
      55
      63
      62
      64
      64
      54
      65
      61
      65
      61
      47
      58
      66
      50
      67
      61
      66
      50
      55
      49
      61
      49
      61
      57
      73
      58
      60
      59
      60
      61
      59
      43
      39
      57
      61
      66
      71
      54
      70
      57
      63
      66
      69
      63
      61
      66
      55
      58
      71
      59
      64
      68
      55
      54
      57
      71
      66
      60
      69
      66
      66
      51
      73
      56
      55
      61
      55
      57
      55
      51
      53
      64
      76
      61
      78
      59
      57
      64
      72
      59
      61
      55
      68
      58
      53
      61
      62
      64
      56
      62
      63
      63
      55
      58
      50
      62
      62
      72
      70
      58
      56
      68
      80
      74
      55
      64
      50
      61
      65
      68
      54
      68
      60
      62
      40
      72
      38
      61
      65
      53
      71
      65
      56
      50
      71
      61
      55
      68
      49
      41
      63
      62
      62
      52
      60
      69
      53
      56
      77
      60
      73
      72
      54
      45
      58
      47
      57
      62
      58
      65
      76
      66
      57
      48
      52
      77
      66
      69
      69
      55
      77
      52
      61
      52
      56
      59
      50
      69
      63
      65
      71
      60
      61
      59
      66
      63
      57
      72
      63
      71
      65
      60
      74
      72
      61
      59
      48
      71
      65
      68
      75
      69
      70
      62
      65
      68
      58
      77
      74
      92
      71
      69
      61
      70
      81
      75
      68
      75
      52
      71
      76
      74
      71
      77
      62
      69
      64
      60
      60
      72
      74
      64
      67
      85
      73
      69
      64
      70
      60
      79
      67
      74
      60
      62
      51
      65
      68
      58
      78
      67
      56
      67
      70
      65
      61
      71
      77
      72
      63
      74
      67
      69
      80
      56
      60
      65
      57
      82
      55
      66
      70
      50
      71
      54
      53
      55
      65
      73
      64
      58
      59
      59
      56
      62
      60
      63
      63
      63
      71
      58
      67
      61
      69
      53
      64
      65
      65
      54
      72
      49
      68
      50
      51
      54
      59
      61
      64
      61
      50
      73
      72
      45
      63
      41
      66
      40
      57
      66
      54
      55
      57
      69
      57
      59
      61
      64
      58
      51
      60
      58
      71
      55
      60
      55
      61
      65
      52
      55
      56
      47
      70
      69
      51
      56
      69
      50
      51
      60
      54
      57
      67
      52
      65
      56
      64
      60
      54
      59
      55
      56
      61
      56
      62
      51
      78
      77
      67
      64
      54
      64
      57
      50
      52
      52
      48
      51
      51
      49
      57
      65
      52
      61
      66
      52
      64
      56
      59
      57
      59
      50
      48
      52
      58
      56
      49
      57
      45
      56
      50
      54
      62
      55
      58
      53
      50
      58
      56
      46
      53
      65
      62
      58
      53
      58
      53
      56
      56
      51
      49
      56
      52
      52
      55
      52
      66
      57
      51
      50
      62
      61
      52
      51
      52
      55
      36
      54
      48
      43
      61
      54
      58
      55
      63
      48
      61
      58
      56
      52
      48
      61
      50
      51
      51
      59
      53
      51
      66
      55
      59
      54
      45
      44
      69
      55
      55
      48
      56
      49
      50
      47
      50
      51
      56
      51
      55
      64
      58
      66
      58
      56
      52
      56
      57
      44
      54
      45
      56
      53
      47
      49
      59
      58
      46
      43
      51
      51
      54
      57
      60
      53
      48
      69
      59
      60
      53
      53
      52
      64
      44
      37
      57
      67
      53
      49
      52
      56
      62
      62
      49
      66
      60
      62
      61
      55
      53
      46
      49
      64
      57
      60
      54
      50
      65
      51
      52
      54
      53
      68
      56
      60
      66
      60
      51
      70
      67
      62
      64
      58
      59
      58
      51
      54
      67
      40
      41
      68
      45
      55
      60
      55
      51
      63
      57
      69
      50
      65
      64
      48
      56
      62
      58
      66
      66
      54
      60
      71
      52
      73
      56
      48
      58
      37
      54
      65
      48
      51
      49
      44
      50
      51
      49
      57
      56
      52
      45
      49
      52
      46
      55
      39
      46
      42
      50
      60
      40
      47
      40
      43
      48
      40
      54
      47
      48
      48
      44
      45
      49
      37
      48
      43
      39
      45
      25
      38
      37
      42
      33
      34
      37
      38
      37
      40
      42
      34
      28
      51
      39
      32
      34
      38
      30
      26
      31
      26
      37
      28
      25
      33
      30
      26
      29
      32
      32
      23
      25
      24
      24
      21
      28
      15
      23
      25
      27
      25
      22
      24
      34
      30
      20
      21
      26
      22
      21
      30
      22
      16
      19
      20
      21
      25
      24
      14
      18
      19
      16
      22
      14
      14
      13
      21
      16
      11
      16
      12
      14
      15
      15
      22
      16
      17
      16
      21
      15
      14
      18
      12
      14
      14
      17
      21
      15
      19
      15
      10
      19
      11
      18
       9
      19
      15
      13
       8
      14
      16
      16
      15
      12
      11
      12
      21
      13
      14
      14
      14
      11
       9
      13
       8
      17
      18
      13
      12
      13
      11
      17
      13
      12
      10
      13
      11
      11
      15
       8
      13
       7
      13
       8
      10
       9
       8
      12
       9
      15
      12
       8
      11
      13
       8
       7
      15
      10
      11
      18
      12
      15
       8
       8
      16
       5
      16
       9
      11
       5
      12
      15
      14
      11
      10
      11
       4
      12
      10
      10
       4
      12
      13
       6
       9
      13
       9
       9
       6
      10
      12
      12
      10
       9
      14
      10
       7
       9
      10
      12
      14
       9
       8
       9
       8
       8
      11
       9
      14
      13
      14
       7
       8
      14
      11
      14
      11
      11
      14
      11
       8
      14
      12
       8
       8
       5
      11
      10
       8
      10
      10
      12
       8
       9
      11
      10
       6
       8
      10
       5
       7
      12
      13
       9
      12
      15
       7
      11
      15
       5
       9
      11
       6
       6
      11
      12
       5
       8
       7
      10
      10
       8
      11
       5
       9
      13
      12
      13
      13
       8
       8
       7
      12
      13
      13
      13
      10
      13
       9
      10
      14
      10
       9
      16
      10
      15
      12
       9
       9
      10
       9
       9
       7
      12
      15
      12
       8
      10
      13
      12
      15
      17
      11
       6
       7
      11
      15
      11
      12
       8
      15
       5
      16
      12
      10
      10
      13
      14
      16
      15
      22
      14
       9
      22
      11
      18
      13
      17
      14
      16
      16
      12
      19
      18
      15
      15
      20
      13
      22
      20
      16
      20
      18
      20
      17
      21
      18
      18
      36
      16
      16
      23
      21
      20
      29
      25
      29
      22
      40
      25
      30
      28
      32
      33
      37
      38
      31
      37
      32
      56
      36
      52
      36
      47
      39
      54
      47
      52
      64
      93
      57
      67
      60
      68
      70
      79
      83
      59
      76
      88
      77
     101
      79
      92
     105
      87
      87
     123
     106
     107
     130
     108
     147
     138
     134
     133
     139
     137
     143
     165
     169
     168
     148
     177
     165
     187
     200
     187
     192
     176
     195
     222
     210
     218
     222
     212
     235
     220
     214
     257
     198
     244
     249
     246
     289
     282
     272
     295
     293
     293
     276
     280
     296
     306
     304
     328
     303
     317
     313
     335
     316
     365
     343
     332
     330
     314
     339
     339
     394
     351
     378
     389
     407
     370
     426
     409
     385
     386
     368
     375
     341
     409
     405
     377
     405
     382
     404
     427
     405
     394
     394
     423
     390
     349
     414
     351
     384
     375
     401
     381
     390
     368
     341
     356
     390
     323
     372
     352
     342
     347
     349
     318
     324
     322
     313
     289
     315
     302
     297
     268
     303
     279
     247
     262
     277
     288
     243
     256
     227
     242
     263
     250
     248
     225
     233
     238
     213
     202
     178
     174
     199
     183
     203
     167
     162
     154
     130
     159
     145
     128
     119
     127
     114
     109
     115
      97
     106
     104
      83
     102
      91
      90
      89
      75
      89
      73
      83
      61
      57
      59
      57
      46
      58
      54
      36
      56
      39
      45
      45
      38
      36
      32
      39
      52
      22
      21
      19
      33
      27
      24
      22
      18
      16
      19
      12
      14
      11
      11
      11
      13
      17
       8
      11
      13
      13
       7
      10
      11
       5
      12
      10
       5
       6
       5
       6
       7
       3
       4
       3
       1
       2
       6
       3
       3
       1
       2
       1
       3
       1
       2
       2
       4
       2
       1
       2
       1
       2
       4
       0
       2
       2
       1
       1
       1
       0
       3
       0
       0
       1
       0
       0
       1
       1
       2
       1
       1
       1
       0
       1
       0
       2
       2
       1
       0
       1
       1
       0
       0
       2
       3
       0
       0
       0
       1
       2
       0
       2
       1
       4
       2
       1
       1
       2
       1
       2
       5
       0
       4
       1
       0
       2
       1
       1
       0
       0
       1
       1
       0
       2
       1
       2
       3
       1
       2
       2
       1
       4
       4
       1
       1
       0
       1
       2
       2
       1
       0
       1
       4
       2
       1
       2
       0
       1
       4
       2
       0
       0
       3
       2
       0
       1
       3
       1
       3
       1
       1
       1
       3
       1
       2
       4
       2
       0
       3
       2
       1
       1
       3
       0
       2
       0
       3
       3
       2
       3
       3
       2
       2
       0
       0
       2
       0
       3
       3
       1
       0
       1
       1
       1
       3
       2
       2
       2
       4
       0
       1
       2
       4
       0
       2
       2
       1
       2
       1
       2
       2
       2
       2
       2
       1
       5
       2
       1
       2
       1
       2
       1
       2
       2
       0
       2
       2
       3
       3
       3
       1
       3
       5
       1
       0
       1
       0
       1
       1
       6
       0
       1
       3
       0
       0
       1
       0
       2
       3
       1
       5
       1
       0
       2
       2
       0
       0
       1
       1
       3
       0
       4
       1
       3
       1
       2
       0
       3
       4
       0
       3
       0
       3
       5
       1
       1
       2
       3
       2
       1
       1
       1
       1
       0
       2
       3
       2
       0
       2
       1
       4
       0
       0
       2
       1
       1
       1
       1
       2
       1
       1
       0
       1
       2
       3
       2
       2
       1
       0
       1
       1
       4
       1
       1
       0
       5
       1
       2
       2
       2
       2
       1
       1
       2
       1
       2
       1
       0
       3
       1
       1
       1
       1
       1
       2
       4
       2
       2
       3
       3
       2
       1
       2
       0
       2
       2
       1
       0
       2
       1
       0
       0
       1
       2
       2
       0
       2
       1
       0
       0
       1
       0
       1
       0
       2
       2
       3
       1
       2
       2
       3
       1
       0
       1
       2
       1
       2
       3
       2
       1
       3
       0
       2
       2
       2
       1
       0
       1
       1
       3
       0
       2
       2
       1
       0
       3
       3
       2
       1
       1
       2
       0
       2
       2
       1
       1
       1
       2
       0
       4
       1
       1
       0
       5
       0
       3
       1
       0
       1
       1
       0
       1
       3
       1
       1
       2
       2
       1
       0
       1
       2
       1
       1
       2
       2
       2
       0
       1
       3
       2
       3
       3
       2
       4
       1
       3
       1
       2
       1
       2
       0
       2
       0
       2
       2
       1
       2
       2
       3
       2
       0
       3
       1
       0
       1
       0
       3
       2
       3
       1
       3
       1
       1
       1
       3
       0
       3
       2
       2
       1
       1
       1
       1
       1
       1
       1
       1
       2
       0
       1
       2
       2
       1
       3
       2
       0
       2
       2
       2
       1
       1
       1
       4
       1
       0
       0
       1
       2
       4
       0
       2
       1
       1
       1
       2
       1
       1
       2
       1
       2
       3
       3
       3
       3
       2
       4
       2
       3
       0
       1
       1
       2
       1
       0
       0
       4
       1
       1
       3
       0
       2
       3
       2
       2
       1
       2
       1
       1
       3
       0
       0
       1
       1
       0
       2
       1
       0
       1
       0
       1
       2
       3
       1
       1
       5
       3
       1
       2
       0
       0
       2
       1
       1
       1
       2
       0
       0
       2
       1
       3
       0
       0
       0
       1
       1
       1
       1
       1
       2
       1
       1
       4
       0
       0
       0
       0
       0
       0
       0
       0
       0
       0
       0
       0
       0
       0
       0
       0
       0
       0
       0
       0
       0
       0
       0
       0
       0
       0
       0
       0
       0
       0
       0
       0
       0
$ROI:
0
$PRESETS:
None
0
0
$ENER_FIT:
-0.143974 0.420003
$MCA_CAL:
3
-1.439737E-001 4.200033E-001 0.000000E+000 keV
$SHAPE_CAL:
3
0.000000E+000 0.000000E+000 0.000000E+000
