$SPEC_ID:
Recoil
$SPEC_REM:
DET# 3
DETDESC# JLAB-11 MCB 134
AP# Maestro Version 7.01
$DATE_MEA:
11/04/2022 12:51:16
$MEAS_TIM:
1600 1674
$DATA:
0 2047
       0
       0
       0
       0
       0
       0
       0
       0
       0
       0
       0
       0
       0
       0
       0
       0
       0
       0
       0
       0
       0
       1
       0
       0
       0
       0
       0
       0
       0
       0
       0
       0
       0
       0
       0
       0
       0
       0
       0
       0
       0
       0
       0
       0
       1
       0
       0
       3
       0
       0
       1
       0
       0
       0
       1
       0
       1
       4
       0
       1
       1
       0
       0
       0
       0
       2
       1
       1
       1
       2
       1
       0
       1
       2
       0
       0
       1
       3
       4
       1
       3
       1
       2
       0
       2
       2
       0
       0
       2
       1
       3
       2
       1
       0
       1
       0
       1
       1
       2
       2
       2
       1
       0
       2
       2
       0
       2
       1
       1
       2
       0
       0
       1
       0
       1
       2
       0
       1
       1
       1
       0
       0
       1
       1
       2
       1
       1
       1
       3
       3
       5
       0
       2
       3
       3
       2
       2
       3
       1
       1
       4
       3
       2
       2
       1
       1
       2
       0
       2
       3
       1
       0
       2
       1
       3
       2
       1
       2
       2
       2
       0
       0
       3
       3
       4
       2
       2
       2
       2
       1
       3
       2
       2
       5
       1
       2
       4
       4
       0
       1
       2
       2
       1
       4
       5
       2
       1
       1
       3
       6
       5
       4
       2
       3
       5
       6
       2
       3
       3
       6
       5
       2
       2
       1
       3
       1
       3
       5
       7
       5
       3
       4
       9
       1
       4
       5
       1
       3
       5
       3
       5
       6
       3
       1
       5
       2
       3
       4
       3
       3
       3
       6
       4
       4
       7
       6
       1
       3
       5
       5
       5
       5
       5
       6
       4
       2
       3
       5
       1
       4
       3
       3
       3
       3
       2
       7
       3
       6
       5
       4
       4
       6
       6
       4
       7
       5
       1
       2
      10
       9
       6
       2
       2
       2
       7
       4
       4
       6
       3
       3
       5
       6
       8
       5
       7
       7
       4
       4
       7
       7
       3
      11
       6
       2
       7
      11
       8
       8
      11
       5
       9
       4
       2
      12
       5
       5
       7
       5
       8
       4
       7
       7
       4
      12
       4
       7
      10
      14
       9
       3
       7
       9
       6
      11
      15
      16
       8
       9
      11
       8
      13
      13
      10
      10
       6
      18
      10
      12
      12
      12
      11
      11
      12
       8
      12
       7
      11
      13
      14
       7
      11
      13
      12
      17
      11
      15
      13
       7
      15
      10
      11
      16
      15
      14
      20
       8
       7
       9
      15
      10
      16
      13
      15
      11
      11
      10
      15
      16
      13
      11
      15
      11
      17
      11
      15
      14
      18
      17
      14
      24
      14
      14
      18
      19
      17
      15
      10
      12
      18
      15
      20
      20
      13
      19
       7
      12
      21
      20
      16
      12
      18
      17
       6
      18
      18
      22
      26
      17
      18
      17
      12
      17
       9
      18
      17
      25
      15
      21
      17
      19
      17
      21
      16
      20
      14
      12
      19
      13
      18
      17
      22
      20
      16
      18
      16
      26
      20
      29
      29
      19
      17
      19
      22
      16
      22
      21
      21
      24
      22
      31
      16
      17
      25
      20
      13
      13
      20
      14
      18
      19
      15
      15
      17
      20
      20
      15
      33
      23
      12
      18
      17
      27
      17
      16
      16
      19
      20
      14
      26
      17
      14
      17
      25
      15
      23
      22
      13
      24
      19
      28
      23
      24
      28
      20
      19
      29
      18
      25
      22
      20
      23
      23
      11
      24
      22
      24
      23
      20
      18
      22
      28
      23
      21
      21
      22
      20
      19
      27
      20
      26
      30
      32
      21
      24
      27
      27
      19
      20
      18
      17
      22
      28
      21
      15
      15
      21
      24
      21
      11
      23
      18
      23
      14
      23
      15
      19
      17
      22
      18
      16
      19
      20
      28
      20
      22
      25
      21
      13
      24
      17
      15
      28
      12
      23
      20
      13
      12
      21
      13
      16
      20
      23
      13
      21
      25
      15
      13
      21
      17
      18
      14
      22
       7
      13
      15
      14
      15
       9
      14
      13
      16
      21
      16
      15
      11
      14
      10
      11
      11
      12
      15
      19
      13
      15
      11
       8
      22
      12
       8
      14
      10
      16
       9
      10
       7
      16
      12
       8
       8
      12
      12
      10
      13
       8
       6
      11
      12
      14
       9
      15
       9
      10
       8
       9
      13
       9
      10
      11
       4
      12
      10
       7
       7
       4
       6
       7
      12
      12
       4
       3
       8
       2
      10
      14
       9
       5
      10
      10
       7
       4
       8
      11
       3
      12
      10
       5
       7
       4
       6
      12
      10
       5
       4
      10
       4
       3
       8
      10
      10
       8
       4
       5
       6
       3
      11
       4
       8
       9
       7
       5
      10
      11
      12
      10
       8
       4
      16
       8
      11
       8
       6
       7
       4
      12
      10
       9
       6
       8
      13
      10
       5
       9
       6
       6
       6
       7
       5
       5
      11
       5
       6
       6
       4
       4
       3
      11
       8
       4
       9
      12
       4
      11
       5
       6
       8
       6
       1
      11
       4
       9
       5
       4
       2
       6
       9
       7
       5
       5
      10
       5
       6
       5
      10
       8
       1
       8
      10
       9
       9
       9
       6
      11
       7
       8
       2
       6
       4
       6
       8
       8
       3
       4
       8
       4
      10
      10
       4
       6
      11
       7
       2
      12
       3
       7
       5
       5
       7
       9
      12
       9
       4
       8
       4
       7
       8
       3
       3
       6
       7
       7
       5
       3
       5
       6
       6
       9
       4
      12
       5
       9
       5
       7
      11
      14
       7
       9
       9
       7
       6
       6
      11
       9
       7
       9
       8
       5
       5
       3
      11
       6
       8
       6
       6
       7
       7
      10
       5
       3
      11
       5
       5
       4
       9
       4
       9
       8
      10
       5
       6
       5
       4
       6
       6
       6
       7
       7
       8
       3
       8
       8
       3
       7
       9
       5
       5
       7
       4
       7
       1
       7
       4
       2
       5
       8
       6
       4
       5
       6
       6
       8
       6
       9
       3
       8
       3
       7
       4
       9
       2
       5
      11
       9
       5
       4
       3
       6
       6
       3
       8
       8
       4
       4
       2
       3
       6
       0
      10
       3
       5
       5
      11
       6
       7
       7
       5
       4
      12
       7
      11
       6
       2
       9
       4
      12
       9
       5
       6
       2
       4
       4
       6
       6
       5
       4
       3
       9
       9
       5
       2
       7
      10
       2
       6
       9
       4
       5
       6
       5
       6
       7
       3
      10
       6
       7
       4
       6
       6
      10
       5
       5
      11
       8
       4
       6
       7
       5
       7
       7
       5
       5
       1
       5
       5
       7
       4
       8
       5
       8
       4
      11
       5
       5
      12
       8
       4
       3
       3
       4
       7
       5
       3
       5
       5
       3
       5
       5
       5
       2
       4
       7
       2
       4
       5
       5
       6
       6
       1
       1
       7
       3
       7
       6
       4
       4
       5
       5
       5
       3
      10
      10
       6
       4
       6
       5
       6
       6
       2
       1
       4
       4
       4
       5
       2
       6
       2
       5
       4
      10
       2
       6
       7
       3
       3
       4
       4
       6
       6
       5
       4
       4
       1
       2
       2
       6
       6
       2
      10
       3
       4
       4
       6
       4
       4
       4
       1
       3
       1
       6
       3
       2
       4
       4
       6
       4
       1
       3
       7
       3
       1
       4
       2
       4
       3
       2
       2
       6
       4
       3
       6
       6
       1
       6
       2
       8
       3
       4
       3
       7
       4
       2
       9
       2
       2
       4
       6
       1
       7
       3
       1
       4
       5
       3
       4
       2
       3
       6
       4
       5
       4
       7
       7
       0
       8
       5
       6
       4
       5
       2
       3
       4
       3
       1
       2
       3
       5
       5
       4
       0
       5
       3
       1
       0
       6
       4
       2
       3
       1
       0
       2
       1
       5
       6
       1
       2
       4
       3
       4
       5
       4
       3
       0
       7
       5
       2
       2
       2
       3
       3
       1
       2
       5
       2
       3
       3
       4
       3
       2
       3
       2
       3
       1
       3
       2
       0
       1
       0
       3
       5
       0
       1
       2
       2
       2
       3
       3
       0
       2
       1
       2
       1
       1
       0
       3
       4
       3
       2
       0
       4
       1
       0
       1
       2
       0
       3
       4
       0
       4
       1
       2
       2
       3
       2
       2
       3
       1
       1
       2
       4
       1
       3
       2
       0
       1
       4
       1
       1
       1
       1
       2
       3
       0
       1
       0
       1
       1
       5
       0
       2
       1
       2
       0
       1
       1
       0
       1
       0
       0
       2
       2
       1
       1
       2
       0
       2
       2
       1
       1
       0
       2
       1
       3
       1
       0
       1
       0
       1
       1
       4
       0
       1
       2
       1
       0
       1
       3
       1
       2
       0
       3
       1
       2
       0
       1
       1
       0
       0
       4
       0
       0
       1
       0
       0
       0
       4
       1
       3
       0
       0
       2
       0
       1
       4
       1
       2
       1
       3
       0
       0
       1
       2
       0
       1
       1
       2
       2
       0
       1
       0
       1
       0
       2
       1
       2
       1
       1
       0
       0
       0
       1
       0
       1
       0
       3
       2
       2
       0
       2
       0
       2
       0
       0
       2
       0
       1
       0
       0
       1
       1
       1
       1
       0
       2
       1
       2
       1
       0
       2
       1
       1
       4
       0
       0
       0
       2
       0
       0
       1
       0
       0
       0
       1
       1
       0
       0
       1
       0
       0
       0
       1
       2
       0
       1
       1
       0
       0
       3
       0
       0
       1
       0
       2
       1
       1
       0
       2
       1
       0
       0
       1
       0
       0
       0
       1
       0
       1
       1
       1
       1
       3
       0
       0
       0
       0
       0
       0
       1
       0
       0
       0
       0
       1
       1
       0
       2
       0
       0
       1
       2
       1
       3
       1
       1
       0
       1
       0
       0
       0
       1
       1
       0
       3
       2
       2
       3
       1
       1
       1
       0
       2
       3
       0
       1
       1
       1
       1
       2
       2
       0
       0
       2
       1
       1
       0
       1
       0
       1
       2
       1
       1
       2
       2
       0
       1
       3
       0
       0
       1
       4
       0
       1
       1
       1
       0
       4
       1
       1
       2
       2
       1
       1
       4
       3
       6
       3
       1
       3
       1
       1
       1
       4
       5
       5
       6
       3
       1
       6
       1
       3
       1
       4
       5
       4
       3
       1
       1
       2
       3
       2
       0
       3
       1
       4
       5
       9
       1
       6
       9
       6
       8
       8
       5
       5
       4
       3
       5
       2
       1
       4
       5
       2
       6
       3
       5
       3
       7
       5
       5
       8
       7
       6
       5
       6
       7
       4
      12
       7
       4
       5
       4
       5
       2
       8
       9
      10
      10
      14
      12
       6
       7
       4
      16
       9
       4
       7
       5
       8
       5
       9
       8
       6
      11
      10
       7
       5
      10
      10
       6
       6
       6
       3
      11
       9
       8
       8
      14
       5
      10
       5
      10
       5
      10
       9
       8
       4
       4
       8
       5
       4
      10
       6
      15
       4
      13
       6
       9
       4
       6
       8
       4
      12
       5
       9
       6
       2
      10
       7
       5
       7
       7
       1
       4
       5
       9
       4
       6
       5
       4
       3
       2
       5
       8
       5
       2
       2
       2
       6
       4
       7
       4
       5
       2
       1
       2
       1
       3
       5
       0
       3
       2
       2
       3
       3
       4
       1
       0
       0
       4
       2
       4
       0
       2
       0
       2
       1
       1
       0
       1
       2
       2
       0
       0
       0
       0
       1
       1
       4
       1
       0
       1
       2
       2
       0
       1
       0
       2
       1
       1
       0
       0
       1
       0
       0
       0
       1
       3
       0
       1
       1
       0
       0
       0
       0
       1
       1
       0
       1
       0
       0
       0
       0
       0
       0
       0
       0
       2
       1
       0
       0
       0
       0
       0
       0
       1
       0
       0
       0
       1
       0
       0
       0
       0
       0
       1
       0
       0
       0
       1
       0
       0
       1
       0
       0
       0
       0
       1
       1
       0
       0
       0
       0
       0
       0
       0
       1
       0
       0
       0
       0
       1
       0
       1
       1
       0
       0
       0
       0
       0
       0
       0
       0
       0
       0
       0
       1
       0
       0
       0
       0
       0
       0
       1
       0
       0
       0
       0
       0
       0
       1
       0
       0
       0
       0
       0
       0
       2
       0
       0
       1
       0
       0
       1
       0
       0
       0
       0
       0
       0
       1
       0
       1
       0
       0
       0
       0
       1
       0
       1
       0
       0
       1
       0
       0
       0
       0
       0
       0
       0
       0
       0
       0
       1
       1
       0
       2
       0
       0
       0
       1
       0
       1
       0
       0
       1
       1
       0
       0
       0
       0
       1
       0
       0
       0
       0
       1
       1
       0
       1
       0
       2
       0
       0
       0
       0
       1
       0
       0
       0
       0
       0
       0
       0
       1
       0
       0
       0
       0
       0
       0
       0
       0
       0
       0
       0
       0
       0
       0
       0
       0
       0
       0
       0
       0
       1
       0
       2
       0
       1
       1
       0
       0
       0
       0
       0
       2
       1
       0
       0
       0
       1
       1
       1
       1
       0
       0
       0
       0
       1
       0
       0
       1
       1
       0
       0
       0
       0
       0
       0
       0
       0
       1
       1
       0
       1
       0
       0
       0
       1
       0
       0
       1
       0
       1
       0
       0
       0
       0
       1
       0
       0
       1
       0
       1
       0
       0
       0
       0
       0
       1
       1
       0
       0
       2
       0
       0
       0
       0
       0
       0
       1
       1
       0
       0
       0
       0
       0
       0
       0
       0
       0
       0
       0
       0
       0
       0
       0
       0
       0
       0
       0
       0
       0
       0
       0
       0
       0
       0
       0
       0
       0
       0
       0
       0
       0
       0
       0
       0
       0
       0
       0
       0
       0
       0
       0
       0
       0
       0
       0
       0
$ROI:
0
$PRESETS:
None
0
0
$ENER_FIT:
0.000000 0.390374
$MCA_CAL:
3
0.000000E+000 3.903743E-001 0.000000E+000 keV
$SHAPE_CAL:
3
0.000000E+000 0.000000E+000 0.000000E+000
