$SPEC_ID:
Scatter
$SPEC_REM:
DET# 2
DETDESC# JLAB-11 MCB 133
AP# Maestro Version 7.01
$DATE_MEA:
11/04/2022 12:27:54
$MEAS_TIM:
467 480
$DATA:
0 2047
       0
       0
       0
       0
       0
       0
       0
       0
       0
       0
       0
       0
       0
       0
       0
       0
       1
     533
     987
     824
     665
     564
     501
     396
     417
     353
     320
     352
     338
     363
     350
     309
     346
     368
     330
     355
     379
     338
     348
     381
     381
     379
     407
     373
     361
     388
     381
     416
     391
     431
     402
     426
     408
     407
     444
     442
     456
     403
     425
     451
     464
     467
     493
     543
     515
     564
     630
     708
     706
     794
     998
    1140
    1244
    1574
    1906
    2212
    2729
    3196
    3788
    4486
    5184
    6086
    6777
    7653
    8436
    9224
   10071
   10555
   10992
   11182
   11355
   11128
   10868
   10729
    9864
    9344
    8738
    7912
    7320
    6800
    5995
    5305
    4551
    4059
    3495
    2987
    2564
    2278
    2017
    1676
    1430
    1239
    1102
     965
     833
     763
     694
     575
     544
     500
     460
     462
     456
     405
     397
     425
     395
     403
     433
     414
     476
     452
     529
     555
     533
     543
     564
     602
     600
     661
     673
     713
     761
     791
     748
     790
     839
     873
     830
     876
     843
     897
     862
     877
     847
     892
     824
     844
     836
     820
     799
     715
     767
     707
     722
     719
     689
     668
     663
     634
     613
     602
     656
     671
     623
     662
     657
     672
     667
     667
     723
     671
     723
     703
     743
     739
     753
     709
     734
     711
     744
     799
     759
     791
     783
     758
     738
     807
     794
     805
     896
     889
     897
     920
    1013
    1030
    1089
    1117
    1206
    1296
    1348
    1488
    1620
    1708
    1786
    1930
    2047
    2247
    2394
    2518
    2720
    2841
    3043
    3185
    3309
    3536
    3680
    3756
    3832
    3911
    3929
    4155
    3955
    4078
    4038
    4091
    4036
    3938
    3882
    3819
    3728
    3498
    3361
    3304
    3117
    2993
    2820
    2554
    2435
    2353
    2077
    1963
    1781
    1596
    1500
    1353
    1217
    1103
     993
     910
     831
     799
     684
     680
     627
     618
     553
     560
     470
     502
     430
     458
     464
     437
     422
     350
     429
     403
     426
     412
     429
     398
     350
     379
     398
     415
     369
     427
     393
     435
     401
     417
     402
     397
     416
     436
     436
     430
     391
     418
     432
     421
     458
     413
     427
     383
     432
     447
     455
     453
     470
     446
     461
     448
     423
     434
     464
     511
     461
     506
     455
     477
     480
     460
     477
     470
     504
     441
     478
     467
     492
     467
     484
     462
     460
     472
     472
     437
     415
     459
     500
     458
     444
     435
     434
     434
     427
     440
     399
     394
     421
     390
     418
     430
     435
     440
     436
     413
     451
     404
     417
     413
     422
     449
     409
     451
     424
     402
     458
     445
     456
     439
     402
     425
     462
     458
     471
     434
     475
     420
     467
     440
     463
     459
     457
     475
     463
     495
     439
     462
     448
     463
     490
     452
     423
     437
     512
     476
     544
     497
     459
     478
     449
     454
     476
     493
     448
     525
     502
     559
     498
     516
     535
     476
     524
     511
     513
     493
     515
     533
     530
     518
     494
     532
     556
     527
     526
     521
     535
     537
     553
     553
     547
     532
     512
     561
     553
     520
     514
     516
     533
     536
     564
     547
     519
     489
     504
     505
     474
     529
     521
     540
     535
     516
     490
     513
     486
     513
     484
     494
     499
     481
     507
     441
     452
     491
     439
     431
     444
     434
     412
     455
     448
     419
     466
     426
     424
     410
     402
     447
     432
     441
     415
     440
     426
     439
     435
     398
     397
     463
     419
     413
     411
     398
     418
     419
     440
     390
     372
     389
     432
     414
     389
     388
     391
     380
     413
     405
     390
     400
     369
     374
     403
     408
     389
     363
     368
     393
     409
     400
     361
     397
     381
     402
     372
     374
     384
     378
     383
     342
     411
     406
     393
     356
     337
     340
     353
     347
     377
     349
     360
     327
     371
     330
     299
     337
     337
     328
     337
     340
     321
     344
     301
     323
     296
     305
     322
     314
     314
     276
     316
     313
     319
     278
     300
     296
     298
     318
     294
     299
     276
     282
     302
     261
     300
     313
     318
     292
     295
     279
     290
     309
     305
     286
     291
     294
     273
     317
     276
     266
     297
     265
     288
     278
     280
     294
     287
     274
     256
     285
     304
     293
     272
     279
     296
     303
     286
     284
     284
     280
     269
     285
     273
     252
     247
     294
     252
     266
     250
     278
     278
     263
     280
     254
     271
     247
     252
     267
     245
     251
     274
     299
     275
     259
     232
     261
     267
     258
     245
     256
     260
     245
     228
     261
     258
     246
     246
     248
     215
     247
     221
     244
     254
     244
     240
     207
     265
     231
     242
     229
     276
     233
     218
     237
     227
     203
     247
     233
     231
     235
     236
     225
     222
     228
     250
     232
     243
     213
     248
     218
     256
     246
     221
     297
     242
     259
     292
     267
     281
     244
     298
     282
     279
     300
     293
     299
     299
     303
     312
     341
     344
     321
     284
     324
     337
     334
     374
     369
     358
     392
     388
     436
     340
     395
     408
     378
     394
     415
     394
     435
     419
     416
     435
     438
     421
     429
     431
     466
     485
     429
     461
     411
     472
     431
     485
     478
     529
     494
     497
     494
     526
     474
     505
     473
     506
     531
     492
     488
     487
     535
     475
     535
     495
     550
     549
     542
     527
     517
     522
     495
     557
     555
     582
     581
     583
     586
     578
     576
     624
     569
     627
     650
     606
     654
     621
     624
     615
     689
     694
     666
     671
     714
     613
     696
     715
     696
     686
     709
     689
     734
     741
     675
     767
     708
     722
     745
     735
     697
     742
     784
     696
     761
     816
     793
     748
     751
     768
     738
     755
     708
     741
     729
     763
     686
     734
     802
     731
     714
     708
     707
     670
     710
     731
     674
     664
     668
     625
     649
     648
     600
     597
     631
     575
     618
     627
     563
     535
     566
     535
     531
     492
     516
     464
     530
     506
     480
     495
     465
     447
     441
     427
     413
     428
     379
     401
     443
     435
     385
     443
     381
     415
     412
     450
     346
     399
     425
     401
     432
     379
     389
     429
     386
     408
     421
     459
     475
     456
     443
     494
     513
     482
     557
     544
     591
     574
     586
     616
     659
     603
     702
     680
     738
     781
     747
     731
     774
     843
     830
     933
     887
     915
     880
     919
     977
     997
    1065
    1036
    1045
    1039
    1152
    1176
    1162
    1169
    1245
    1223
    1235
    1314
    1337
    1296
    1261
    1362
    1428
    1437
    1390
    1433
    1421
    1444
    1412
    1489
    1412
    1494
    1518
    1618
    1582
    1528
    1548
    1516
    1575
    1551
    1571
    1701
    1623
    1681
    1646
    1602
    1585
    1583
    1660
    1460
    1535
    1586
    1579
    1642
    1556
    1622
    1564
    1552
    1538
    1549
    1581
    1497
    1497
    1459
    1425
    1403
    1391
    1462
    1423
    1322
    1405
    1305
    1341
    1255
    1291
    1253
    1199
    1165
    1146
    1116
    1126
    1074
    1037
    1053
     986
    1058
     972
     935
     955
     877
     826
     853
     837
     789
     832
     794
     776
     762
     712
     736
     664
     721
     669
     697
     635
     599
     628
     606
     558
     522
     557
     481
     502
     491
     463
     514
     458
     441
     399
     418
     438
     426
     419
     368
     406
     381
     416
     370
     385
     345
     346
     342
     355
     337
     311
     301
     337
     297
     286
     295
     292
     307
     308
     279
     280
     286
     250
     239
     262
     266
     244
     214
     229
     241
     233
     241
     221
     220
     203
     214
     183
     180
     195
     165
     175
     177
     168
     160
     157
     155
     175
     152
     150
     139
     166
     151
     145
     145
     128
     111
     134
     117
     111
     118
     121
     118
      96
     104
      81
     102
      86
      81
      96
     111
      87
      97
      87
      74
      84
      95
      74
      72
      76
      73
      72
      69
      80
      65
      72
      64
      79
      53
      83
      57
      74
      68
      60
      58
      53
      46
      74
      71
      69
      75
      75
      66
      63
      59
      52
      67
      67
      76
      62
      75
      60
      71
      69
      55
      72
      60
      50
      85
      62
      69
      89
      53
      58
      84
      75
      66
      67
      52
      50
      70
      64
      59
      61
      63
      64
      67
      78
      75
      74
      64
      56
      64
      65
      81
      81
      67
      79
      44
      78
      62
      59
      65
      55
      78
      75
      62
      65
      58
      62
      60
      67
      67
      57
      62
      67
      71
      62
      52
      59
      63
      77
      69
      72
      56
      43
      66
      64
      51
      55
      71
      56
      48
      57
      45
      53
      60
      49
      50
      45
      58
      54
      54
      54
      52
      52
      34
      33
      49
      49
      48
      50
      39
      30
      36
      39
      38
      48
      41
      45
      28
      41
      40
      42
      38
      37
      36
      35
      30
      35
      41
      29
      33
      31
      30
      39
      40
      41
      25
      26
      34
      31
      34
      31
      29
      28
      28
      32
      19
      29
      33
      39
      30
      33
      32
      32
      18
      25
      22
      16
      18
      37
      23
      29
      25
      18
      21
      23
      20
      27
      27
      33
      30
      27
      30
      26
      33
      21
      38
      32
      35
      23
      27
      22
      25
      29
      25
      35
      25
      28
      26
      19
      27
      34
      32
      28
      29
      32
      22
      27
      24
      32
      23
      29
      27
      39
      27
      22
      29
      33
      22
      19
      23
      31
      30
      26
      27
      28
      29
      20
      29
      34
      25
      27
      25
      25
      26
      27
      28
      17
      32
      28
      29
      25
      26
      25
      22
      34
      25
      23
      34
      21
      30
      20
      25
      19
      26
      20
      21
      20
      33
      25
      24
      20
      25
      20
      22
      25
      18
      23
      17
      28
      13
      26
      23
      34
      24
      22
      25
      30
      26
      16
      27
      17
      17
      19
      19
      23
      21
      24
      18
      23
      24
      19
      29
      13
      23
      22
      17
      21
      17
      20
      15
      27
      18
      21
      16
      18
      20
      20
      13
      18
      23
      20
      20
      20
      13
      14
      16
       9
      20
      18
      15
      22
      16
      16
      18
      18
      18
      18
      15
      17
      17
      21
      11
      17
      21
      13
      20
      15
      15
      19
      20
      19
      14
      18
      18
      17
      18
      17
      17
      21
      20
      16
      24
      14
      12
      20
      24
      19
      16
      21
      20
      29
      16
      13
      17
      20
      15
      17
      19
      15
      22
      19
      10
      17
      16
      20
      17
      19
      16
      10
      25
      33
      13
      20
      18
      18
      19
      14
      13
      19
      12
      22
      20
      19
      29
      18
      23
      18
      25
      20
      16
      17
      26
      18
      21
      19
      22
      17
      17
      25
      21
      26
       8
      22
      14
      18
      20
      18
      11
      26
       8
      17
      16
      20
      10
      17
      19
      16
      18
      18
      19
      12
      12
      23
      19
      17
      18
      20
      11
      26
      14
      19
      14
      17
      27
      25
      19
      18
      21
      16
      17
      23
      21
      18
      13
      21
      19
      21
      25
      19
      24
      24
      22
      26
      25
      22
      20
      21
      15
      16
      14
      22
      17
      15
      20
      15
      20
      21
      23
      18
      25
      24
      22
      16
      20
      19
      23
      27
      24
      23
      21
      25
      19
      29
      15
      19
      14
      23
      24
      25
      24
      17
      28
      24
      23
      29
      28
      22
      28
      22
      25
      32
      15
      15
      17
      21
      16
      25
      26
      26
      22
      30
      33
      29
      22
      19
      27
      25
      24
      21
      27
      26
      20
      35
      23
      35
      32
      26
      30
      20
      33
      25
      21
      32
      27
      33
      40
      26
      23
      34
      25
      35
      23
      30
      30
      40
      43
      31
      25
      39
      30
      32
      32
      38
      38
      39
      31
      34
      40
      30
      32
      52
      37
      45
      37
      31
      43
      31
      37
      38
      39
      34
      33
      38
      33
      42
      38
      43
      32
      33
      37
      32
      40
      46
      38
      47
      37
      45
      34
      40
      36
      41
      29
      53
      26
      58
      48
      37
      44
      46
      41
      45
      43
      33
      33
      41
      27
      48
      44
      32
      34
      40
      39
      36
      40
      43
      35
      48
      35
      35
      39
      35
      37
      34
      38
      38
      41
      37
      40
      32
      27
      23
      28
      39
      30
      37
      36
      39
      30
      33
      28
      29
      23
      26
      28
      39
      34
      27
      29
      32
      24
      33
      28
      18
      25
      26
      29
      20
      23
      12
      19
      26
      15
      20
      25
      25
      16
      14
      20
      15
      14
      12
      23
      22
      17
      18
      15
      15
      14
      20
      14
      16
      14
      16
      19
      13
      13
      11
      13
      13
       8
      14
      19
      15
      14
      14
      16
      18
      15
      12
       7
      13
       9
       9
      13
      13
      11
      10
      10
      13
      15
      10
       7
       9
      10
       8
       8
      13
      10
       8
      12
       9
       8
       5
       6
      13
      13
       6
       9
       2
       8
      13
       9
      12
       7
       8
       9
       9
      10
       5
       8
       9
       7
       8
       7
       6
       5
      11
      12
       7
      12
      10
       8
       8
       8
      10
       7
      10
       8
       9
       9
      10
       7
      13
       6
      11
       7
       6
       4
      12
       9
       8
      10
       5
       9
       7
      13
      10
      10
      12
      11
      11
       8
       9
       8
       7
       5
      10
      12
       6
       8
       7
       8
       8
       9
       9
       2
       9
       7
       5
       5
      12
       8
      10
      10
       7
       7
      10
       5
       8
       5
       5
       6
       9
       7
       5
       4
       7
      11
      13
       7
      11
      12
       7
       6
       9
      10
      10
       7
       4
       4
      10
       7
       2
       5
       3
      10
      10
       5
       7
       8
       6
       8
      14
       5
       6
       8
       9
       6
       6
       9
       8
       6
       4
      10
       4
      12
       2
       5
      11
       8
       4
       7
       9
       3
       8
       6
       7
       6
       4
       6
       3
      14
       2
       7
       7
       7
       8
      10
      13
       5
       9
       4
       7
       7
       6
       4
       5
       9
       7
       8
       7
       9
       5
       4
       6
       6
      10
      11
       4
       7
       2
       0
       0
       0
       0
       0
       0
       0
       0
       0
       0
       0
       0
       0
       0
       0
       0
       0
       0
       0
       0
       0
       0
       0
       0
       0
       0
       0
       0
       0
       0
       0
       0
$ROI:
0
$PRESETS:
None
0
0
$ENER_FIT:
-0.143974 0.420003
$MCA_CAL:
3
-1.439737E-001 4.200033E-001 0.000000E+000 keV
$SHAPE_CAL:
3
0.000000E+000 0.000000E+000 0.000000E+000
