$SPEC_ID:
Scatter
$SPEC_REM:
DET# 2
DETDESC# JLAB-11 MCB 133
AP# Maestro Version 7.01
$DATE_MEA:
11/04/2022 13:52:07
$MEAS_TIM:
1076 1080
$DATA:
0 2047
       0
       0
       0
       0
       0
       0
       0
       0
       0
       0
       0
       0
       0
       0
       0
       0
       0
       0
       0
       0
       0
       0
       0
       0
       0
       0
       0
       0
       0
       0
       0
       0
       0
       0
       0
       0
       0
       0
       0
       0
       0
       0
       0
       0
       0
       0
       0
       0
       0
       0
       0
       0
       1
       1
       0
       0
       2
       0
       1
       1
       1
       1
       3
       2
       3
       3
       1
       2
       2
       4
       2
       0
       2
       1
       2
       2
       1
       3
       1
       7
       8
       3
       4
       4
       4
       5
       7
       2
       3
       1
       1
       7
       2
       2
       4
       4
       3
       4
       2
       2
       4
       5
       0
       3
       3
       2
       3
       2
       1
       2
       5
       3
       2
       3
       3
       1
       3
       5
       3
       2
       2
       3
       2
       0
       0
       5
       0
       1
       1
       2
       6
       5
       1
       4
       2
       1
       3
       7
       2
       2
       2
       3
       1
       3
       2
       2
       2
       2
       2
       4
       3
       2
       4
       6
       2
       3
       4
       2
       1
       1
       3
       4
       1
       4
       6
       2
       7
       1
       5
       2
       4
       5
       4
       2
       1
       1
       2
       3
       8
       1
       3
       3
       3
       3
       6
       3
       1
       6
       9
       5
       2
       2
       2
       2
       5
       6
       3
       2
       3
       4
       6
       5
       4
       7
       5
       8
       7
       3
       4
       4
       3
       3
       7
       6
       6
       6
       4
       4
       5
       2
       3
       3
       6
       2
      10
       6
       4
       6
       2
       2
       5
      10
       3
       4
       6
       9
       2
       3
       3
       0
       2
       6
       6
       7
       4
       4
       6
       6
       2
       5
       6
       8
       8
       2
       6
       5
       6
       4
       2
       4
       8
       2
      10
       5
       1
       4
       6
       2
       4
       6
       3
       4
       5
       6
       7
       4
       6
       0
       2
       3
       6
       4
       4
       7
       3
       7
      11
       3
       8
       7
       4
       5
       8
       8
      10
       7
       3
       5
       6
       4
       7
       9
       7
       4
       7
       8
       4
       4
       5
       2
       8
       4
       2
       8
       6
       4
       6
       6
       7
      11
       4
      13
       5
       5
       4
       7
       6
       2
       4
       5
       4
       4
       4
       3
       4
       3
       9
       9
       8
       4
      12
       5
       7
      10
       9
       8
       5
       7
       5
       2
       6
       5
       7
      10
       8
       4
       5
       5
       3
       9
       7
       2
       6
       7
       6
       8
       7
       4
       3
      10
       9
       5
       2
       9
       5
       4
       5
       2
       5
       2
       2
       6
       8
       7
      10
       4
      14
       6
       5
       8
       5
       7
       6
       9
       3
       7
       5
       2
       3
      13
       7
       6
       3
       8
       6
       7
       7
       8
       7
       6
       3
       1
       8
       5
       3
       8
      11
       7
       8
       5
      13
       4
      12
       3
       4
       7
       5
       8
       8
       2
       9
       9
       2
       4
       7
       2
       1
       3
       9
       5
      10
      11
       5
       7
       5
       4
       7
       8
       6
       7
       6
       7
       5
       9
       3
       5
       9
       6
       7
       7
       5
       7
       4
       5
       4
       8
       6
       4
       4
      11
       8
       5
       4
       5
       9
       4
       9
       6
       5
       1
       6
       3
       3
       6
       5
       3
       5
       9
       5
       2
       5
       7
       2
       8
       7
       6
       6
       5
       8
       4
       7
       7
       2
      10
       8
       5
       5
       9
       3
       9
       4
       8
       8
      10
       5
       7
       9
       6
       4
       6
       7
       3
       5
       6
       5
       7
       7
       5
       2
      10
       6
       8
       6
       4
       3
       6
       6
       5
       7
       6
       8
       6
      11
       9
       7
      11
       4
       5
       6
       6
       6
       5
       9
       9
       5
       5
       4
       5
      10
       5
       4
       5
       3
       4
       4
       5
       4
       9
       8
       5
       5
       5
       6
       7
       7
       7
       4
       6
       4
       4
       8
       4
       6
       4
       5
       6
       9
       3
       2
       3
       7
      13
      12
       0
      13
       4
       5
       7
       7
       5
       5
       4
       7
      11
       3
       6
       7
       5
       4
      13
       8
      10
       4
       8
       3
       8
      18
       5
       9
       4
       7
      10
       6
       8
       7
       3
      14
      10
       6
       8
       7
       9
      10
      13
      11
      12
      16
      10
       7
      11
      10
      11
      11
      10
      16
      10
       7
      10
      11
      23
      13
      14
      18
      10
      16
      11
      12
      12
       9
       9
       8
      13
      13
      12
      11
      12
      19
      15
      14
       9
      12
      15
      13
      20
      13
      22
      11
      15
      16
      16
      11
      16
      16
      13
      19
      15
      14
       9
      10
      11
      14
      17
      12
      19
      15
      14
       9
       6
      12
      11
      17
      14
      14
      13
       6
      11
      12
      19
      16
      12
      13
      10
      17
       8
      10
      10
       7
       8
      13
      13
      11
       9
       9
      17
      10
      11
      11
       4
      11
       7
      10
      11
       6
      13
       4
      12
       9
       9
       5
      12
      10
      13
       7
       2
       2
       8
       5
       7
       4
       1
       7
       5
       8
       7
       6
       6
       3
       7
       3
       8
       3
       4
       4
       6
       6
       2
       7
       6
       8
       4
       2
       2
       5
       8
       3
       5
       6
       5
       6
       4
       4
       7
       5
       6
       8
       4
       5
       2
       5
       6
       5
       6
       5
       6
       7
       1
       6
       0
       6
       3
       1
       9
       2
       3
       3
       1
       4
       3
       3
       5
       7
       2
       4
       3
       2
       3
       6
       6
       4
       3
       4
       4
       9
       2
       6
       0
       0
       2
       2
       5
       1
       0
       2
       5
       1
       2
       2
       2
       2
       3
       5
       4
       6
       3
       2
       0
       4
       3
       2
       3
       1
       2
       2
       2
       2
       3
       1
       2
       0
       4
       1
       0
       2
       1
       1
       0
       1
       1
       1
       4
       0
       1
       0
       1
       3
       2
       2
       1
       3
       3
       1
       4
       1
       2
       0
       1
       1
       1
       0
       2
       2
       0
       1
       2
       1
       1
       0
       2
       2
       1
       3
       1
       0
       2
       3
       1
       0
       0
       1
       2
       2
       0
       0
       4
       4
       0
       2
       1
       4
       1
       0
       0
       1
       0
       1
       0
       0
       0
       4
       0
       1
       1
       0
       0
       0
       2
       2
       1
       0
       1
       1
       0
       2
       2
       0
       1
       3
       0
       2
       0
       1
       1
       0
       0
       2
       2
       0
       2
       2
       1
       1
       0
       1
       0
       2
       0
       2
       1
       2
       0
       0
       1
       1
       2
       0
       2
       0
       0
       1
       1
       0
       0
       0
       1
       0
       0
       4
       0
       0
       0
       0
       1
       0
       0
       1
       0
       1
       2
       2
       3
       0
       0
       2
       1
       1
       0
       1
       1
       1
       1
       0
       0
       0
       0
       3
       1
       0
       0
       1
       1
       1
       1
       0
       2
       0
       2
       0
       0
       2
       0
       0
       1
       1
       1
       1
       0
       0
       1
       1
       0
       1
       3
       0
       0
       2
       0
       1
       0
       0
       1
       0
       0
       0
       2
       0
       2
       1
       0
       0
       0
       1
       1
       0
       2
       0
       0
       1
       0
       1
       0
       1
       0
       0
       0
       0
       0
       0
       1
       0
       0
       0
       0
       0
       2
       2
       0
       0
       0
       1
       2
       0
       0
       0
       1
       2
       0
       1
       0
       1
       2
       2
       1
       1
       0
       0
       2
       1
       0
       2
       1
       0
       1
       1
       1
       0
       2
       0
       2
       0
       0
       1
       1
       1
       0
       0
       0
       0
       1
       0
       0
       0
       2
       0
       0
       2
       0
       0
       0
       1
       0
       0
       0
       0
       0
       1
       0
       1
       0
       0
       0
       2
       0
       0
       0
       2
       0
       0
       2
       1
       0
       0
       1
       0
       1
       0
       0
       0
       0
       0
       0
       0
       1
       1
       0
       0
       2
       1
       1
       1
       0
       1
       0
       0
       1
       0
       0
       0
       1
       1
       0
       1
       2
       0
       0
       1
       0
       0
       0
       1
       0
       1
       1
       1
       0
       0
       0
       0
       0
       0
       0
       0
       2
       0
       0
       1
       1
       1
       0
       0
       0
       1
       0
       5
       0
       1
       0
       0
       0
       0
       0
       1
       0
       0
       0
       0
       0
       0
       1
       1
       0
       1
       2
       1
       0
       2
       0
       0
       0
       2
       1
       0
       0
       0
       0
       0
       0
       0
       0
       0
       0
       0
       1
       0
       2
       0
       0
       2
       0
       0
       1
       1
       0
       0
       1
       0
       0
       0
       0
       0
       0
       0
       0
       1
       1
       0
       0
       0
       0
       0
       0
       1
       0
       0
       0
       0
       1
       1
       0
       0
       0
       0
       1
       0
       0
       0
       1
       1
       0
       0
       0
       0
       2
       0
       0
       0
       1
       0
       0
       0
       0
       0
       0
       2
       0
       0
       0
       1
       0
       1
       1
       0
       0
       0
       0
       0
       0
       0
       1
       0
       0
       1
       1
       0
       0
       0
       0
       0
       0
       0
       1
       0
       1
       0
       1
       1
       0
       0
       0
       2
       0
       0
       1
       0
       0
       0
       1
       0
       0
       1
       1
       1
       0
       0
       0
       0
       0
       0
       0
       0
       0
       0
       0
       0
       0
       0
       1
       0
       0
       0
       0
       2
       1
       0
       2
       0
       0
       1
       0
       1
       0
       2
       1
       1
       1
       0
       1
       0
       1
       1
       0
       0
       0
       0
       0
       0
       0
       0
       0
       0
       1
       0
       0
       0
       0
       0
       0
       0
       1
       1
       0
       0
       1
       0
       0
       0
       2
       0
       0
       0
       0
       0
       1
       0
       1
       0
       0
       0
       1
       1
       0
       0
       0
       0
       0
       1
       0
       0
       1
       0
       0
       0
       0
       0
       0
       0
       0
       0
       0
       0
       0
       0
       0
       0
       1
       0
       1
       0
       0
       0
       0
       1
       0
       1
       0
       1
       0
       0
       1
       2
       0
       0
       0
       1
       1
       0
       1
       0
       0
       1
       0
       1
       0
       0
       2
       0
       0
       1
       1
       0
       0
       1
       0
       0
       0
       0
       0
       1
       0
       0
       0
       0
       0
       0
       1
       0
       0
       0
       0
       0
       0
       0
       0
       1
       1
       1
       0
       0
       0
       0
       0
       0
       0
       0
       0
       0
       0
       1
       0
       1
       0
       1
       1
       0
       0
       0
       2
       1
       0
       0
       1
       0
       0
       0
       1
       0
       2
       0
       0
       0
       0
       0
       0
       1
       0
       1
       0
       0
       0
       0
       0
       0
       0
       0
       1
       0
       0
       1
       0
       1
       3
       0
       0
       1
       0
       0
       0
       0
       1
       0
       0
       1
       0
       0
       0
       0
       1
       0
       1
       0
       0
       1
       1
       0
       1
       1
       0
       0
       0
       0
       0
       0
       0
       0
       0
       0
       0
       0
       0
       0
       1
       0
       0
       0
       1
       0
       0
       2
       0
       1
       0
       0
       0
       0
       0
       0
       0
       0
       0
       0
       0
       0
       1
       0
       0
       0
       2
       0
       0
       1
       0
       1
       0
       0
       0
       0
       0
       0
       0
       1
       0
       1
       1
       0
       0
       0
       0
       0
       0
       0
       1
       0
       1
       1
       0
       0
       0
       0
       0
       0
       0
       0
       0
       0
       0
       0
       0
       0
       0
       1
       0
       0
       1
       0
       0
       0
       1
       0
       0
       1
       0
       0
       0
       0
       0
       0
       0
       0
       0
       0
       0
       0
       0
       0
       0
       0
       0
       0
       0
       0
       0
       0
       2
       1
       0
       0
       1
       0
       0
       0
       0
       0
       0
       0
       0
       0
       2
       0
       0
       0
       0
       0
       0
       1
       0
       0
       0
       0
       0
       0
       0
       1
       0
       0
       0
       0
       1
       1
       0
       0
       0
       0
       0
       1
       0
       0
       0
       0
       0
       0
       0
       0
       0
       0
       0
       0
       0
       0
       0
       0
       0
       1
       0
       0
       0
       0
       0
       0
       0
       0
       0
       1
       0
       0
       0
       0
       0
       0
       0
       0
       0
       0
       1
       0
       0
       0
       0
       0
       0
       0
       0
       0
       0
       0
       0
       0
       0
       0
       0
       0
       0
       0
       0
       0
       1
       0
       1
       0
       0
       1
       0
       0
       0
       0
       0
       1
       0
       1
       0
       0
       0
       0
       0
       0
       0
       2
       0
       0
       0
       0
       1
       0
       0
       0
       0
       0
       0
       0
       0
       0
       0
       0
       0
       0
       0
       1
       0
       0
       0
       0
       1
       0
       0
       0
       0
       0
       1
       0
       0
       0
       0
       0
       0
       0
       0
       0
       0
       1
       0
       0
       1
       0
       0
       0
       0
       0
       0
       0
       0
       0
       0
       0
       0
       0
       0
       0
       0
       0
       0
       0
       0
       0
       0
       0
       0
       1
       0
       2
       0
       0
       0
       0
       0
       0
       0
       0
       0
       1
       0
       0
       0
       0
       0
       0
       0
       0
       0
       0
       0
       0
       0
       0
       1
       1
       0
       2
       0
       2
       0
       1
       0
       0
       1
       0
       0
       1
       1
       0
       0
       0
       0
       0
       0
       0
       0
       0
       1
       0
       0
       1
       0
       0
       0
       0
       0
       1
       0
       0
       0
       0
       0
       0
       0
       0
       0
       0
       0
       0
       0
       0
       0
       0
       0
       0
       0
       0
       0
       1
       1
       0
       0
       0
       0
       0
       0
       1
       0
       0
       0
       0
       0
       0
       0
       0
       0
       0
       0
       0
       0
       0
       0
       0
       0
       0
       0
       0
       0
       0
       0
       0
       0
       0
       0
       0
       0
       0
       0
       0
       0
$ROI:
0
$PRESETS:
None
0
0
$ENER_FIT:
-0.143974 0.420003
$MCA_CAL:
3
-1.439737E-001 4.200033E-001 0.000000E+000 keV
$SHAPE_CAL:
3
0.000000E+000 0.000000E+000 0.000000E+000
