$SPEC_ID:
Recoil
$SPEC_REM:
DET# 3
DETDESC# JLAB-11 MCB 134
AP# Maestro Version 7.01
$DATE_MEA:
11/04/2022 12:27:52
$MEAS_TIM:
468 484
$DATA:
0 2047
       0
       0
       0
       0
       0
       0
       0
       0
       0
       0
       0
       0
       0
       0
       0
       0
       0
       0
       0
      58
     728
     649
     513
     485
     461
     423
     457
     403
     426
     415
     449
     451
     428
     458
     385
     458
     423
     465
     439
     465
     489
     463
     459
     468
     511
     521
     469
     526
     528
     508
     497
     490
     542
     574
     580
     604
     616
     658
     648
     767
     833
     802
     934
    1045
    1226
    1328
    1569
    1965
    2257
    2700
    3131
    3664
    4347
    5288
    6142
    7156
    8181
    9363
   10475
   11773
   12734
   13809
   14292
   14991
   14986
   15574
   15492
   14842
   14355
   13559
   12430
   11618
   10437
    9239
    8075
    7241
    6353
    5386
    4634
    3865
    3352
    2762
    2438
    2031
    1736
    1500
    1261
    1116
     926
     867
     653
     659
     562
     556
     532
     510
     511
     539
     524
     532
     516
     541
     556
     629
     624
     651
     623
     637
     723
     732
     771
     744
     775
     810
     888
     871
     887
     918
     924
     960
    1001
     986
     963
     962
    1017
    1001
     960
     930
     851
     938
     927
     885
     903
     785
     845
     788
     750
     809
     727
     704
     711
     678
     727
     740
     743
     748
     761
     738
     815
     779
     790
     829
     792
     862
     832
     871
     914
     947
     949
    1003
     936
     996
    1047
    1041
    1021
    1082
    1185
    1255
    1203
    1271
    1242
    1287
    1491
    1451
    1493
    1601
    1647
    1734
    1833
    1907
    2074
    2151
    2195
    2372
    2504
    2545
    2789
    2925
    3080
    3295
    3368
    3534
    3561
    3770
    3901
    3971
    4116
    4093
    4280
    4367
    4282
    4212
    4318
    4109
    4112
    4035
    3895
    3718
    3473
    3260
    3146
    2912
    2677
    2451
    2348
    2167
    2004
    1782
    1604
    1472
    1336
    1196
     999
    1012
     911
     800
     744
     741
     679
     655
     632
     586
     595
     514
     556
     523
     514
     526
     508
     494
     512
     516
     507
     475
     508
     495
     553
     508
     500
     497
     546
     490
     513
     518
     547
     575
     522
     559
     520
     499
     578
     553
     575
     514
     555
     544
     544
     569
     591
     531
     574
     619
     601
     598
     545
     618
     597
     564
     632
     617
     592
     614
     574
     590
     622
     563
     585
     591
     604
     582
     610
     608
     615
     618
     632
     588
     589
     583
     554
     591
     608
     589
     632
     611
     625
     598
     598
     620
     582
     593
     566
     552
     583
     602
     599
     604
     571
     602
     610
     622
     608
     592
     588
     636
     593
     630
     573
     620
     641
     614
     584
     673
     574
     631
     627
     660
     656
     611
     645
     676
     667
     601
     617
     656
     680
     663
     659
     660
     665
     690
     618
     670
     700
     652
     695
     689
     717
     667
     669
     745
     708
     703
     638
     705
     690
     733
     738
     722
     697
     714
     713
     773
     726
     717
     729
     749
     730
     806
     750
     754
     771
     744
     785
     761
     764
     729
     779
     799
     768
     787
     793
     734
     724
     805
     741
     779
     783
     789
     739
     727
     759
     747
     807
     805
     791
     733
     763
     738
     759
     768
     693
     746
     742
     740
     797
     760
     701
     693
     810
     783
     703
     724
     758
     723
     736
     704
     687
     685
     636
     669
     644
     686
     644
     702
     692
     684
     695
     668
     725
     658
     655
     619
     694
     673
     663
     658
     677
     697
     667
     624
     645
     663
     700
     709
     679
     661
     704
     619
     666
     611
     640
     623
     607
     645
     674
     631
     640
     651
     624
     613
     644
     642
     575
     627
     637
     623
     606
     615
     613
     631
     616
     640
     599
     626
     632
     630
     574
     584
     569
     647
     607
     617
     633
     579
     579
     548
     562
     584
     587
     556
     556
     522
     546
     574
     529
     542
     572
     540
     535
     600
     522
     543
     551
     534
     515
     528
     529
     536
     498
     533
     531
     509
     511
     510
     496
     511
     520
     518
     477
     494
     509
     510
     507
     522
     497
     487
     508
     483
     498
     499
     505
     511
     459
     519
     481
     475
     485
     478
     520
     469
     467
     447
     469
     453
     531
     448
     464
     499
     455
     457
     492
     460
     457
     485
     467
     475
     460
     443
     473
     442
     465
     420
     407
     411
     463
     474
     407
     465
     490
     429
     445
     456
     452
     425
     456
     419
     430
     379
     421
     392
     413
     409
     427
     414
     415
     447
     423
     443
     457
     417
     422
     377
     424
     443
     389
     404
     388
     407
     422
     415
     405
     432
     407
     412
     378
     401
     386
     426
     412
     411
     444
     408
     412
     416
     431
     403
     449
     410
     431
     438
     472
     428
     423
     443
     461
     462
     481
     424
     454
     491
     453
     464
     454
     483
     476
     489
     526
     511
     506
     513
     518
     523
     489
     540
     534
     525
     511
     567
     575
     543
     569
     552
     587
     555
     544
     575
     598
     597
     621
     620
     648
     655
     633
     600
     577
     607
     619
     621
     622
     683
     641
     640
     696
     640
     705
     686
     631
     638
     667
     702
     715
     698
     666
     653
     674
     723
     713
     649
     716
     689
     690
     664
     755
     768
     737
     706
     775
     703
     745
     739
     793
     759
     784
     769
     807
     766
     835
     823
     788
     860
     868
     827
     830
     877
     814
     852
     829
     909
     853
     867
     865
     922
     892
     872
     884
     899
     898
     917
     938
     905
     884
     820
     886
     891
     898
     906
     861
     866
     870
     874
     855
     840
     843
     837
     869
     867
     859
     802
     872
     844
     810
     782
     783
     774
     719
     745
     773
     727
     736
     699
     791
     702
     723
     684
     643
     709
     689
     649
     615
     604
     647
     621
     639
     631
     563
     569
     609
     588
     623
     547
     592
     579
     570
     541
     529
     540
     516
     541
     571
     563
     597
     548
     544
     547
     592
     602
     626
     604
     649
     600
     644
     656
     670
     708
     693
     735
     756
     703
     776
     752
     749
     745
     848
     904
     884
     893
     888
     920
     963
     935
     955
    1066
    1033
    1051
    1108
    1158
    1137
    1171
    1170
    1176
    1278
    1211
    1322
    1317
    1274
    1363
    1305
    1398
    1348
    1405
    1447
    1460
    1442
    1493
    1544
    1568
    1513
    1578
    1559
    1524
    1630
    1643
    1670
    1645
    1615
    1652
    1636
    1607
    1711
    1626
    1671
    1662
    1729
    1698
    1621
    1648
    1669
    1668
    1594
    1680
    1670
    1642
    1591
    1657
    1578
    1590
    1535
    1553
    1522
    1572
    1473
    1498
    1476
    1420
    1427
    1398
    1338
    1385
    1279
    1326
    1346
    1217
    1309
    1205
    1179
    1178
    1143
    1128
    1107
    1146
    1125
     998
    1028
     989
    1004
     984
     927
     915
     875
     902
     862
     792
     802
     750
     779
     786
     690
     691
     710
     655
     654
     615
     641
     600
     629
     569
     553
     583
     522
     533
     499
     487
     504
     466
     444
     439
     448
     488
     434
     466
     404
     401
     404
     398
     380
     371
     375
     380
     332
     356
     347
     302
     296
     287
     307
     316
     297
     321
     295
     292
     307
     263
     254
     273
     275
     252
     238
     225
     242
     262
     225
     224
     233
     218
     223
     209
     224
     208
     191
     210
     186
     209
     185
     187
     173
     186
     157
     179
     156
     153
     174
     137
     160
     154
     165
     157
     142
     144
     165
     143
     141
     127
     112
     118
     134
     133
     117
     113
     128
     118
     128
     115
     126
     145
     120
     111
     129
     123
     107
     100
     104
     124
     128
     123
     131
     119
     121
     121
     123
     105
      99
     114
     102
     120
     117
      87
     113
     122
     122
      95
     117
      93
      90
     110
     103
     113
     136
     117
      98
     120
     114
      96
     118
      96
     113
      96
     108
     113
     111
     105
      85
     109
     103
     116
     112
      95
     119
     117
     111
     114
     100
     114
     109
     113
      93
      83
      95
      99
      96
      89
     116
      95
      99
      88
      94
     101
      99
      86
     123
      90
      96
      83
      88
      85
      88
      92
      94
      77
      81
      92
      72
      81
      79
      78
      79
      86
      83
      80
      52
      89
      77
      68
      89
      80
      64
      64
      61
      73
      69
      66
      81
      79
      77
      78
      87
      64
      73
      72
      67
      63
      79
      62
      63
      66
      76
      60
      75
      55
      58
      90
      78
      68
      60
      63
      73
      70
      72
      74
      75
      67
      62
      80
      55
      48
      75
      67
      81
      49
      74
      69
      78
      62
      67
      71
      69
      64
      51
      73
      67
      87
      66
      81
      77
      88
      63
      71
      79
      66
      66
      86
      72
      76
      74
      63
      81
      74
      74
      79
      82
      83
      73
      78
      81
      77
      87
      80
      70
     104
      76
      75
      76
      83
      64
      85
      68
      85
      61
      82
      81
      88
      64
      86
      69
      71
      85
      79
      75
      75
      86
      81
      80
      75
      78
      70
      84
      60
      93
      76
      77
      68
      98
      89
      78
      86
      70
      78
      60
      91
      73
      80
      76
      70
      66
      73
      58
      57
      61
      74
      63
      87
      71
      78
      55
      69
      70
      61
      73
      67
      55
      64
      58
      43
      54
      51
      65
      63
      62
      60
      65
      49
      46
      45
      49
      46
      56
      51
      38
      47
      42
      47
      53
      41
      45
      40
      65
      49
      51
      46
      36
      40
      51
      46
      48
      50
      41
      39
      42
      42
      44
      37
      52
      42
      47
      35
      32
      44
      42
      38
      29
      28
      43
      34
      32
      35
      33
      41
      43
      31
      26
      41
      41
      41
      27
      38
      35
      41
      28
      49
      55
      29
      45
      43
      41
      27
      43
      38
      32
      45
      40
      35
      36
      26
      42
      33
      41
      35
      32
      30
      38
      35
      27
      30
      39
      32
      34
      33
      39
      40
      43
      39
      42
      38
      31
      42
      40
      47
      31
      51
      42
      42
      41
      47
      40
      40
      41
      35
      50
      42
      42
      32
      46
      36
      35
      42
      35
      43
      38
      35
      43
      45
      29
      39
      40
      42
      36
      46
      46
      37
      42
      41
      40
      43
      44
      42
      48
      40
      43
      45
      36
      43
      29
      42
      55
      72
      53
      44
      42
      61
      50
      64
      49
      62
      62
      72
      50
      49
      45
      66
      61
      52
      44
      65
      57
      76
      61
      67
      55
      56
      65
      60
      91
      76
      74
      81
      90
      82
      82
      72
      79
      72
      92
      85
      85
      84
      93
     105
      93
     103
      90
     108
     101
     108
     111
     115
     112
      98
     107
     128
     102
     106
     113
     131
     129
     117
     140
     125
     137
     144
     138
     127
     118
     137
     164
     175
     138
     169
     171
     133
     169
     181
     176
     170
     164
     161
     195
     216
     205
     203
     219
     207
     209
     217
     209
     234
     209
     194
     242
     201
     227
     261
     244
     265
     249
     259
     269
     253
     260
     243
     274
     268
     257
     280
     310
     275
     316
     285
     261
     273
     279
     330
     300
     321
     283
     292
     309
     333
     351
     337
     327
     340
     339
     299
     331
     316
     365
     336
     309
     330
     347
     358
     334
     402
     339
     310
     330
     327
     318
     335
     335
     348
     363
     361
     344
     365
     352
     324
     328
     331
     325
     340
     323
     324
     307
     337
     313
     340
     302
     294
     321
     305
     320
     302
     284
     295
     287
     293
     292
     268
     331
     284
     286
     247
     229
     252
     252
     256
     248
     220
     215
     224
     229
     231
     194
     242
     202
     218
     184
     206
     182
     201
     173
     176
     186
     181
     179
     175
     151
     138
     144
     158
     138
     148
     129
     126
     111
     120
      95
     132
     119
     104
     130
     112
      89
      88
     103
     100
     101
      84
      92
      89
      60
      71
      87
      73
      76
      70
      67
      67
      70
      57
      53
      54
      55
      46
      45
      47
      47
      49
      45
      36
      39
      45
      34
      38
      27
      34
      28
      28
      27
      26
      23
      23
      35
      29
      30
      25
      27
      17
      10
      14
      15
      34
      15
      17
      20
      23
      16
      17
      20
      13
      12
       8
      20
      13
      14
      15
      21
      17
      14
      15
      10
      15
       7
      11
      16
      15
      15
      15
      10
       6
       8
       7
       9
      18
      16
       9
       8
      12
      12
      12
       8
       9
      10
      15
      13
      10
       8
       9
       8
      10
       7
       5
      11
       6
      10
      10
       5
      14
      11
      13
      17
       8
      11
      20
      11
      16
       7
      10
       9
      12
       7
       8
       9
      12
       8
       7
       8
       6
       6
       7
      12
      11
      12
      11
       2
      19
      10
       5
      11
       4
      13
      12
      13
       8
       3
      13
      10
       8
      16
       5
      12
       9
       9
       8
      11
      15
       4
      11
      16
      10
       8
       7
      11
      20
       8
       4
       5
      10
      10
      10
      12
      10
      15
       9
       6
      12
       6
      10
      14
      14
      10
       9
      11
      10
      17
       8
       8
      12
      16
      14
       7
       9
      10
       9
       5
       8
      10
      10
      11
      13
       8
      11
       6
      20
       9
      10
       6
      12
       5
      14
       7
       9
      13
      12
       9
       5
      13
      11
       7
      10
       8
      13
       8
       6
      10
       5
      12
      17
       9
      11
      10
       6
       5
      10
       5
       8
       4
       5
       8
       5
       6
       9
      11
      10
       4
      12
       8
       7
      11
      10
      11
       9
       9
       6
       7
       7
       7
       4
      10
      12
       6
       6
       4
      12
       7
      10
       8
      10
      10
       4
       7
       6
       8
      14
       7
      12
       7
      11
      11
      11
      11
       8
      11
       9
      10
      13
      13
       7
       6
       4
      10
       9
       6
       7
      10
      11
      12
       5
      12
      12
       3
       8
       6
      13
       8
      10
       5
       9
       5
      15
      11
      12
      14
       9
       3
       8
       6
       9
      10
       7
      12
       8
       8
       3
       7
       9
       6
       6
       7
       2
       5
       8
      10
       7
       8
       9
      11
       7
       6
       9
       8
       8
       7
       6
       4
      11
       8
      11
      12
      13
       7
       9
       9
      13
      12
       6
       0
       0
       0
       0
       0
       0
       0
       0
       0
       0
       0
       0
       0
       0
       0
       0
       0
       0
       0
       0
       0
       0
       0
       0
       0
       0
       0
       0
       0
       0
       0
       0
$ROI:
0
$PRESETS:
None
0
0
$ENER_FIT:
0.000000 0.390374
$MCA_CAL:
3
0.000000E+000 3.903743E-001 0.000000E+000 keV
$SHAPE_CAL:
3
0.000000E+000 0.000000E+000 0.000000E+000
