$SPEC_ID:
Recoil
$SPEC_REM:
DET# 3
DETDESC# JLAB-11 MCB 134
AP# Maestro Version 7.01
$DATE_MEA:
11/04/2022 13:23:46
$MEAS_TIM:
1509 1579
$DATA:
0 2047
       0
       0
       0
       0
       0
       0
       0
       0
       0
       0
       0
       0
       0
       0
       0
       0
       0
       0
       0
       0
       0
       0
       0
       0
       0
       0
       0
       0
       0
       0
       0
       0
       0
       0
       0
       0
       0
       0
       0
       0
       0
       0
       0
       0
       0
       0
       0
       0
       0
       0
       0
       0
       0
       0
       0
       0
       0
       0
       1
       0
       0
       0
       0
       0
       0
       0
       0
       0
       0
       2
       0
       0
       0
       0
       1
       1
       1
       2
       1
       2
       0
       0
       0
       0
       0
       0
       0
       1
       0
       0
       1
       2
       0
       0
       1
       1
       1
       1
       2
       0
       2
       0
       2
       1
       1
       0
       0
       0
       0
       1
       0
       0
       0
       1
       0
       1
       0
       1
       0
       0
       2
       0
       2
       4
       0
       0
       1
       3
       1
       0
       0
       0
       2
       3
       0
       2
       0
       2
       4
       0
       0
       0
       2
       0
       2
       2
       1
       2
       0
       1
       0
       1
       1
       1
       1
       2
       0
       0
       1
       1
       0
       1
       1
       0
       2
       0
       1
       0
       1
       2
       1
       2
       0
       0
       0
       0
       1
       0
       1
       1
       3
       2
       1
       3
       2
       1
       1
       0
       0
       1
       2
       2
       1
       0
       3
       5
       2
       1
       1
       0
       5
       3
       1
       0
       5
       4
       4
       1
       3
       4
       1
       2
       0
       3
       2
       3
       1
       2
       3
       3
       0
       2
       3
       2
       1
       2
       1
       3
       3
       3
       3
       2
       4
       0
       0
       0
       2
       4
       3
       1
       3
       4
       1
       4
       2
       2
       2
       0
       2
       1
       2
       1
       1
       1
       1
       0
       3
       3
       1
       1
       1
       3
       3
       2
       2
       4
       0
       4
       3
       2
       1
       0
       2
       5
       3
       4
       5
       0
       5
       1
       1
       3
       1
       4
       3
       1
       2
       1
       0
       1
       0
       2
       2
       2
       4
       3
       3
       1
       1
       1
       2
       0
       1
       4
       3
       2
       2
       1
       4
       4
       0
       2
       4
       3
       1
       4
       1
       2
       3
       3
       1
       2
       0
       3
       5
       0
       4
       1
       0
       3
       1
       2
       4
       5
       2
       1
       3
       4
       1
       3
       1
       3
       6
       2
       2
       5
       3
       1
       2
       5
       3
       2
       2
       2
       2
       4
       3
       4
       4
       3
       1
       0
       3
       3
       1
       3
       1
       2
       5
       1
       1
       4
       2
       6
       4
       0
       3
       1
       1
       0
       3
       3
       3
       0
       3
       0
       2
       1
       5
       5
       7
       4
       4
       1
       3
       3
       4
       4
       2
       3
       3
       1
       3
       2
       0
       1
       3
       3
       1
       2
       6
       0
       6
       4
       4
       3
       6
       4
       2
       3
       3
       3
       3
       2
       3
       1
       3
       6
       4
       5
       1
       1
       1
       4
       4
       4
       4
       3
       3
       4
       1
       2
       1
       3
       4
       5
       4
       4
       2
       2
       3
       3
       4
       4
       1
       3
       2
       1
       4
       5
       8
       3
       4
       4
       2
       5
       6
       2
       5
       5
       4
       6
       6
       4
       5
       4
       3
       1
       4
       2
       3
       7
       4
       7
       1
       6
       4
       4
       4
       5
       4
       1
       7
       8
       5
       0
       5
       7
       5
      12
       3
       5
       5
       6
       6
       7
       4
       8
       0
       4
       2
       4
       6
       4
       4
       0
       6
       6
       2
       6
       5
       6
       3
       2
       4
       9
      11
       4
       8
       8
       3
       0
       5
       8
       2
       3
       3
       7
       2
       3
       3
       2
       7
       2
       6
       2
       4
       5
       4
       6
       7
       8
       4
       7
       3
       6
       8
       4
       3
       4
       4
       3
       7
       4
       4
       5
       4
       2
       4
       2
       3
       8
       5
       0
       3
       8
       5
       6
       6
       3
       1
       3
       4
      11
       8
      10
       5
      10
       2
       5
       2
       4
       5
       5
       2
       7
       3
       4
       3
       5
       0
       4
       5
       5
       3
       8
       9
       4
       7
       4
       5
       8
       9
       6
      10
       8
      12
       9
       7
       3
      10
       7
       6
       6
       5
       4
       7
       2
      11
       5
       6
      10
       5
       8
       8
       4
       5
       4
       6
       6
       3
       9
       6
      10
       6
       7
       7
      13
       5
       8
      14
       5
       3
      10
      10
       9
       4
      11
      11
      14
       5
       7
       4
      11
      11
       9
       6
       7
      14
       5
       9
      10
       6
       8
      14
      14
      11
      11
      16
      16
       7
      13
      14
      14
       9
      11
      15
       9
      11
      16
      15
      13
       6
      14
      19
       9
      18
      15
      12
      13
      15
      12
      12
      19
      16
      14
      19
      11
      16
      13
      15
      18
      10
      18
      17
      14
      10
      15
      17
      14
      19
      15
      17
      21
      15
      16
      21
      21
      18
      19
      18
      17
      10
      20
      13
      20
      19
      24
      13
      18
      13
      14
      21
      17
      32
      20
      20
      16
      12
      21
      27
      15
      10
      19
      18
      21
      16
      31
      23
      16
      26
      22
      19
      19
      13
      15
      13
      16
      21
      15
      22
      14
      24
      26
      21
      29
      20
      22
      27
      20
      15
      29
      17
      25
      27
      21
      19
      23
      26
      21
      16
      22
      19
      16
      20
      21
      20
      21
      19
      20
      17
      31
      23
      23
      19
      27
      27
      25
      18
      25
      19
      21
      25
      23
      21
      16
      15
      22
      27
      16
      24
      23
      20
      22
      14
      17
      21
      17
      18
      17
      22
      22
      18
      16
      15
      16
      13
      13
      13
      18
      25
      19
      19
      15
      19
      22
      20
      12
      22
      12
      14
      11
      11
      19
       9
      12
      12
      16
      16
      16
      16
      13
      19
      14
      14
      10
       8
      12
      14
      14
       7
      11
      14
      13
      14
      12
      14
      13
       8
      16
       7
      11
      15
       9
      17
      11
       7
      14
      10
      10
      13
      12
      14
      12
      14
       8
      13
       8
      13
      11
      15
       5
       9
       6
      14
      10
      11
       4
       7
       3
       6
       9
      10
       6
      11
       8
       6
       8
       8
       8
       7
       9
      12
       8
       5
       9
       8
       6
       8
      11
       8
       7
       7
       3
       3
       7
       7
       7
       5
       7
       5
       7
       6
       4
       7
       5
       1
       5
       4
       7
       4
       8
       4
       8
       6
       4
      10
       7
       6
       5
       2
       1
       4
       3
       6
       6
       4
       5
       7
       9
       3
       5
       1
       2
       6
      11
       6
       6
       6
       7
       3
       9
       4
       7
       9
       7
      15
       1
       3
       7
       4
       3
       9
       6
       3
       7
       8
       3
       2
       5
       3
       3
       7
       7
      10
       1
       6
       3
       4
       2
       2
       5
       7
       6
       6
       9
       5
       4
       6
       7
       7
       5
       3
       3
       6
       6
       8
       7
       8
       6
       6
       5
       8
       5
       4
       7
       4
       2
       8
       5
       6
       3
       6
       8
       5
       4
       6
       2
       4
       4
       7
      11
       6
       5
       5
       2
       3
       2
       3
       6
       1
       6
       2
       6
       4
       8
       9
       3
       5
       9
       2
       4
       5
       7
       5
       8
       8
       6
       7
      13
       3
       4
       1
       5
       2
       4
       3
       2
       4
       3
       3
       4
       7
       3
       7
       2
       4
       5
       4
       6
       2
       5
       4
       6
       3
       8
       3
      10
       7
       5
       6
       2
       6
       5
       7
       5
       4
       3
       8
       5
       5
       4
       2
       5
       5
       4
       5
       3
       5
       4
       1
       7
       4
       4
       2
       1
       4
       3
       2
       4
       5
       4
       4
       2
       0
       5
       1
       8
       3
       4
       5
       2
       3
       6
       3
       3
       4
       2
       1
       3
       5
       1
       1
       4
       3
       2
       4
       3
       4
       2
       1
       2
       2
       3
       3
       2
       4
       6
       7
       1
       4
       3
       2
       2
       3
       5
       2
       2
       1
       2
       5
       1
       4
       1
       3
       2
       7
       2
       1
       2
       3
       2
       3
       1
       4
       2
       4
       2
       4
       3
       3
       2
       1
       1
       4
       5
       0
       2
       1
       1
       3
       1
       2
       2
       2
       4
       3
       1
       4
       3
       0
       3
       2
       3
       3
       2
       2
       1
       2
       1
       3
       0
       2
       3
       3
       2
       1
       0
       2
       1
       2
       0
       4
       2
       3
       4
       5
       4
       0
       3
       0
       4
       2
       1
       1
       1
       0
       1
       1
       1
       0
       1
       1
       1
       1
       0
       1
       0
       0
       1
       1
       2
       2
       0
       2
       1
       1
       3
       0
       2
       1
       0
       1
       1
       2
       1
       0
       0
       4
       3
       4
       2
       1
       0
       0
       1
       1
       1
       1
       0
       2
       0
       2
       2
       2
       0
       1
       1
       2
       0
       0
       2
       1
       1
       1
       1
       1
       0
       1
       0
       0
       1
       0
       1
       1
       1
       0
       0
       1
       1
       1
       0
       0
       2
       0
       3
       1
       0
       3
       0
       1
       0
       1
       4
       2
       0
       0
       1
       0
       1
       0
       0
       0
       0
       0
       1
       0
       1
       1
       0
       0
       1
       1
       1
       3
       0
       1
       2
       0
       0
       1
       1
       1
       1
       2
       0
       2
       2
       2
       0
       0
       0
       2
       1
       2
       0
       0
       0
       1
       2
       1
       0
       1
       0
       1
       1
       1
       0
       1
       0
       3
       2
       0
       0
       0
       2
       1
       1
       0
       0
       1
       0
       1
       0
       0
       1
       1
       1
       1
       1
       2
       2
       0
       1
       1
       0
       0
       1
       0
       0
       0
       0
       2
       1
       0
       0
       1
       1
       5
       1
       0
       1
       0
       0
       0
       0
       0
       2
       0
       0
       1
       4
       0
       0
       0
       2
       0
       0
       0
       2
       0
       3
       3
       3
       2
       0
       2
       1
       0
       2
       2
       1
       0
       0
       2
       2
       1
       2
       0
       2
       0
       3
       1
       1
       0
       0
       5
       1
       2
       0
       1
       3
       0
       0
       3
       1
       2
       0
       2
       2
       2
       0
       0
       3
       1
       2
       0
       2
       3
       1
       1
       2
       3
       1
       2
       1
       4
       4
       5
       3
       5
       2
       1
       1
       2
       2
       1
       2
       3
       3
       1
       1
       5
       2
       2
       3
       3
       3
       2
       4
       3
       7
       5
       3
       5
       3
       4
       8
       4
       3
       1
       5
       7
       5
       4
       8
       3
       6
       3
       3
       2
       2
       7
       2
       2
       6
       4
       5
       2
       7
       3
       5
       5
       5
       7
       6
       5
       5
       8
       0
      10
       3
       6
       5
       4
      10
      14
      12
      11
      10
       6
       5
       6
      12
       6
      10
      14
       7
       7
       6
      10
       3
      16
      10
       4
       6
       5
      11
       8
       2
      11
       8
      13
       7
       3
       8
       7
      13
      10
      11
       6
       6
       7
      11
       6
       6
       7
       5
       9
      11
       7
       7
       9
       5
       2
       9
       6
       9
       4
       5
       3
       4
       3
       8
       6
       7
       5
       7
       8
       0
       9
       8
       4
       4
       7
       5
      10
       5
       4
       6
       8
       4
       1
       6
       5
       3
       6
       6
       4
       6
       3
       6
       3
       1
       3
       3
       4
       3
       2
       1
       2
       3
       4
       2
       1
       1
       1
       2
       2
       2
       2
       2
       0
       1
       1
       1
       3
       2
       1
       1
       2
       1
       2
       1
       2
       1
       1
       1
       0
       3
       2
       2
       0
       2
       0
       0
       1
       2
       2
       0
       1
       0
       0
       0
       0
       0
       0
       0
       0
       0
       0
       1
       0
       0
       0
       0
       0
       0
       0
       0
       0
       1
       0
       0
       0
       1
       0
       0
       1
       1
       0
       0
       2
       0
       1
       0
       0
       0
       0
       0
       1
       0
       1
       0
       0
       0
       0
       0
       1
       0
       0
       0
       0
       0
       0
       0
       0
       0
       0
       0
       0
       1
       0
       0
       0
       1
       1
       0
       0
       0
       0
       0
       0
       0
       0
       0
       1
       0
       0
       0
       1
       2
       1
       0
       0
       0
       0
       1
       0
       0
       0
       0
       0
       0
       0
       1
       0
       0
       0
       0
       0
       0
       0
       0
       0
       0
       0
       0
       0
       1
       0
       1
       0
       0
       0
       0
       0
       1
       0
       0
       0
       0
       0
       0
       0
       0
       0
       0
       0
       0
       0
       0
       2
       0
       0
       0
       0
       0
       0
       0
       0
       1
       0
       1
       0
       0
       0
       0
       0
       0
       0
       0
       0
       0
       0
       0
       0
       1
       0
       0
       0
       0
       0
       0
       0
       0
       0
       0
       2
       0
       0
       0
       0
       0
       0
       0
       0
       0
       0
       0
       0
       0
       0
       1
       1
       0
       0
       0
       0
       0
       0
       1
       0
       0
       0
       0
       0
       0
       0
       0
       1
       1
       0
       1
       0
       0
       0
       0
       0
       0
       0
       0
       0
       2
       0
       0
       0
       0
       0
       0
       0
       1
       0
       0
       0
       0
       1
       0
       0
       0
       1
       0
       0
       0
       1
       0
       0
       0
       0
       0
       0
       1
       0
       0
       0
       0
       0
       0
       0
       0
       0
       0
       0
       1
       0
       0
       0
       0
       0
       0
       0
       0
       0
       0
       0
       1
       0
       0
       0
       0
       0
       0
       0
       1
       0
       0
       1
       0
       0
       0
       1
       0
       0
       0
       0
       0
       0
       0
       0
       0
       0
       0
       0
       0
       0
       0
       0
       0
       0
       0
       0
       0
       0
       0
       0
       0
       0
       0
       0
       0
       0
       0
       0
       0
       0
       0
       0
       0
$ROI:
0
$PRESETS:
None
0
0
$ENER_FIT:
0.000000 0.390374
$MCA_CAL:
3
0.000000E+000 3.903743E-001 0.000000E+000 keV
$SHAPE_CAL:
3
0.000000E+000 0.000000E+000 0.000000E+000
