$SPEC_ID:
Recoil
$SPEC_REM:
DET# 3
DETDESC# JLAB-11 MCB 134
AP# Maestro Version 7.01
$DATE_MEA:
11/04/2022 12:18:48
$MEAS_TIM:
438 452
$DATA:
0 2047
       0
       0
       0
       0
       0
       0
       0
       0
       0
       0
       0
       0
       0
       0
       0
       0
       0
       0
       0
       0
       0
       0
       0
       0
       0
       0
       0
       0
       0
       0
       0
       0
       0
       0
       4
       1
       0
       0
       1
       0
       1
       2
       0
       1
       1
       4
       2
       2
       3
       1
       2
       3
       1
       1
       0
       3
       5
       0
       4
       2
       1
       2
       1
       4
       2
       2
       3
       4
       5
       4
       6
       3
       4
       3
       4
       4
       2
       1
       2
       5
       3
       1
       6
       3
       7
       6
       4
       1
       6
       5
       5
       2
       4
       4
       5
       5
       1
       1
       2
       0
       3
       6
       3
       5
       4
       8
       2
       4
       5
       2
       7
       6
       5
       8
       5
       5
       4
       7
       5
       5
       2
       5
       4
       4
       6
       5
       6
       6
       6
       8
       6
       4
       8
       3
       7
       7
       8
       4
       7
      11
       7
       9
       6
       7
       9
       5
       3
       6
       7
       5
       8
       9
       5
      11
      10
       7
       8
       8
       4
       9
       6
      15
       8
       6
       9
      10
      11
       7
      10
      12
       9
      10
      13
       7
       7
      14
       7
      14
       7
       6
       6
      15
      10
      10
       9
       7
      13
      10
      14
      17
      11
      14
      17
       6
      10
       8
      17
       8
      15
       9
       7
      22
       8
      11
       9
       9
      16
       7
       8
      12
       8
      16
       9
      13
      16
      19
      18
      11
      16
      10
       7
       7
      21
      22
      16
      13
      16
       9
      11
      17
      11
      14
      12
      12
      11
      16
      16
      18
      15
      12
       7
      14
      10
      21
      17
      19
      17
      10
      20
      15
      17
      19
      16
      21
      11
      13
      13
      19
      15
       7
      13
      10
      15
      22
      17
      11
      19
      13
      18
      17
      12
      15
      12
      18
      20
      16
      16
      15
      24
      21
      17
      13
      21
      23
      15
      18
      19
      13
      17
      19
      17
      22
      23
      28
      18
      18
      11
      14
      20
      24
      20
      16
      16
      16
      16
      19
      19
      20
      25
      12
      20
      24
      19
      13
      23
      19
      20
      20
      14
      16
      25
      18
      19
      12
      11
      20
      27
      22
      26
      19
      24
      22
      40
      23
      19
      22
      25
      22
      21
      17
      22
      20
      19
      26
      23
      26
      31
      26
      15
      27
      21
      15
      14
      24
      22
      27
      21
      32
      20
      19
      25
      18
      26
      23
      22
      33
      33
      21
      21
      24
      29
      27
      30
      23
      22
      23
      24
      27
      26
      24
      25
      19
      20
      37
      24
      31
      20
      24
      36
      32
      20
      22
      24
      30
      19
      33
      26
      37
      25
      28
      27
      25
      31
      29
      25
      36
      28
      24
      31
      38
      31
      25
      33
      27
      30
      29
      30
      37
      25
      25
      32
      33
      25
      38
      36
      26
      27
      29
      39
      29
      22
      29
      28
      30
      20
      36
      28
      36
      32
      33
      32
      38
      28
      31
      27
      35
      33
      37
      38
      23
      36
      24
      32
      32
      35
      34
      24
      31
      32
      38
      34
      29
      26
      28
      18
      34
      29
      28
      30
      27
      39
      46
      32
      32
      37
      30
      29
      35
      33
      33
      31
      43
      34
      34
      30
      23
      38
      29
      37
      36
      33
      29
      32
      29
      45
      29
      24
      29
      39
      35
      32
      46
      36
      32
      31
      36
      36
      33
      42
      42
      20
      24
      35
      24
      43
      39
      33
      42
      46
      34
      51
      24
      34
      39
      38
      30
      28
      38
      36
      33
      23
      34
      37
      37
      28
      28
      37
      36
      30
      32
      28
      32
      34
      33
      33
      36
      33
      46
      43
      35
      41
      35
      25
      44
      36
      32
      33
      38
      40
      36
      30
      31
      38
      33
      43
      29
      29
      38
      35
      40
      38
      32
      35
      33
      36
      30
      34
      33
      34
      40
      36
      29
      45
      29
      40
      27
      42
      35
      42
      34
      39
      39
      35
      31
      31
      41
      26
      31
      34
      35
      35
      37
      34
      32
      34
      34
      42
      33
      45
      36
      34
      42
      41
      34
      31
      31
      26
      41
      19
      27
      41
      34
      38
      43
      37
      44
      34
      36
      43
      40
      34
      34
      27
      48
      34
      38
      40
      43
      43
      38
      28
      31
      42
      46
      44
      46
      33
      38
      42
      46
      37
      41
      44
      42
      45
      36
      46
      36
      48
      35
      49
      47
      39
      46
      46
      48
      43
      41
      48
      59
      52
      37
      41
      45
      44
      39
      43
      41
      45
      46
      42
      52
      42
      56
      52
      50
      56
      40
      58
      57
      51
      55
      62
      56
      41
      54
      59
      62
      40
      48
      46
      40
      46
      52
      57
      51
      44
      55
      44
      50
      64
      57
      69
      74
      50
      53
      65
      55
      46
      64
      66
      56
      54
      64
      56
      71
      56
      67
      63
      65
      79
      49
      51
      72
      55
      75
      66
      64
      53
      68
      53
      51
      58
      54
      45
      55
      48
      58
      68
      63
      77
      62
      52
      63
      70
      76
      56
      58
      60
      74
      65
      64
      51
      70
      52
      52
      51
      58
      61
      60
      61
      59
      65
      52
      62
      48
      50
      53
      62
      63
      57
      65
      56
      65
      54
      60
      63
      57
      58
      56
      45
      59
      57
      61
      45
      68
      58
      61
      61
      58
      66
      54
      58
      63
      50
      61
      76
      54
      53
      40
      53
      53
      46
      41
      47
      57
      44
      42
      58
      41
      49
      43
      45
      41
      45
      46
      38
      50
      42
      47
      48
      42
      37
      35
      37
      49
      45
      38
      35
      37
      41
      36
      39
      51
      28
      40
      40
      34
      35
      33
      34
      42
      38
      38
      31
      35
      29
      31
      31
      38
      28
      22
      34
      34
      25
      32
      27
      37
      36
      23
      19
      33
      28
      35
      24
      29
      24
      25
      26
      31
      18
      24
      30
      24
      26
      30
      25
      23
      25
      20
      25
      25
      16
      28
      23
      24
      26
      16
      20
      13
      19
      21
      18
      22
      24
      21
      20
      28
      23
      20
      18
      19
      23
      14
      20
      18
      27
      13
      15
      15
      19
      22
      20
      23
      17
      17
      24
      15
      18
      22
      19
      21
      19
      19
      26
      17
      23
      25
      17
      21
      19
      17
      21
      18
      17
      21
      26
      22
      17
      27
      20
      17
      23
      14
      17
      16
      15
      22
      17
      11
      12
      14
      16
      18
      17
      20
      14
      30
      17
      16
      18
      25
      23
       9
      17
      13
      12
      12
      19
      17
      15
      17
      17
      17
      16
      15
      17
      21
      20
      17
      16
      17
      26
      24
      11
      18
      18
      15
      17
      14
      17
      12
      17
      15
      13
      16
      19
      20
      18
      21
      15
      19
      20
      26
      21
      26
      21
      23
      27
      19
      21
      19
      30
      24
      17
      30
      20
      18
      19
      18
      22
      19
      20
      22
      19
      20
      31
      24
      16
      29
      20
      33
      27
      20
      28
      23
      16
      14
      25
      27
      30
      25
      35
      26
      31
      30
      19
      22
      33
      30
      32
      34
      34
      23
      26
      19
      25
      31
      33
      31
      31
      31
      24
      27
      37
      33
      20
      26
      30
      35
      28
      30
      31
      44
      36
      37
      45
      30
      30
      33
      30
      34
      32
      35
      30
      32
      26
      24
      42
      33
      37
      25
      44
      51
      34
      43
      36
      46
      41
      45
      46
      43
      41
      47
      31
      38
      37
      46
      48
      44
      41
      30
      56
      46
      47
      48
      41
      41
      50
      38
      44
      45
      62
      50
      36
      48
      47
      46
      45
      58
      53
      53
      58
      49
      72
      74
      61
      74
      64
      65
      73
      77
      70
      75
      81
      67
      76
      62
      90
      77
      95
     105
     102
     116
      88
     114
     105
     104
     136
     134
     120
     142
     109
     142
     154
     152
     148
     141
     166
     171
     183
     173
     168
     183
     207
     206
     192
     205
     205
     224
     222
     221
     214
     230
     228
     254
     228
     275
     240
     274
     287
     302
     260
     313
     314
     308
     337
     366
     332
     341
     351
     358
     366
     368
     398
     402
     395
     419
     383
     399
     424
     454
     388
     430
     455
     389
     461
     483
     470
     476
     470
     527
     487
     492
     536
     490
     482
     475
     502
     494
     525
     533
     533
     550
     519
     517
     531
     511
     523
     542
     564
     613
     507
     541
     538
     497
     544
     540
     542
     536
     525
     532
     546
     561
     529
     573
     571
     492
     496
     516
     485
     492
     471
     529
     476
     490
     475
     426
     453
     457
     451
     428
     465
     432
     406
     438
     441
     417
     386
     399
     386
     407
     381
     357
     372
     325
     334
     345
     332
     317
     343
     283
     304
     284
     259
     284
     303
     229
     266
     255
     257
     250
     214
     211
     196
     193
     186
     206
     194
     184
     167
     168
     166
     141
     162
     153
     137
     142
     152
     134
     129
     120
     131
     115
     119
     120
     119
     104
      88
     115
      84
      76
      86
      90
      73
      72
      77
      78
      66
      76
      63
      60
      58
      56
      60
      42
      51
      54
      45
      46
      43
      48
      48
      38
      38
      38
      34
      30
      38
      32
      21
      26
      26
      28
      21
      23
      27
      21
      23
      17
      19
      15
      20
      22
      12
      20
      14
      21
      10
       8
      16
      19
       9
      11
      11
      17
      12
       4
       8
      15
       5
      13
      13
       3
       4
      11
       3
       9
       3
       5
       9
       8
      10
      10
       6
       6
       5
       6
       3
       6
       8
       7
       6
       5
       5
       3
       2
       1
       4
       3
       5
       2
       4
       7
       6
       5
       3
       5
       3
       4
       1
       7
       5
       2
       1
       1
       4
       3
       3
       2
       3
       3
       2
       1
       4
      10
       3
       1
       3
       5
       4
       3
       6
       2
       7
       4
       2
       5
       4
       7
       3
       0
       5
       7
       4
       3
       6
       4
       2
       4
       5
       6
       4
       4
       2
       2
       2
       3
       4
       3
       6
       2
       1
       2
       0
       3
       4
       7
       3
       2
       1
       6
       3
       1
       2
       3
       4
       6
       8
       2
       2
       1
       5
       6
       6
       5
       4
       5
       6
       3
       4
       1
       2
       5
       4
       4
       2
       4
       4
       6
       5
       8
       2
       2
       1
       2
       4
       7
       2
       6
       3
       5
       2
       6
       3
       3
       1
       2
       3
       3
       3
       2
       4
       7
       5
       1
       2
       5
       7
       5
       1
       5
       1
       4
       2
       6
       3
       9
       3
       5
       2
       1
       5
       3
       3
       4
       4
       2
       4
       4
       4
       4
       4
       3
       4
       5
       4
       2
       5
       5
       1
       6
       0
       3
       3
       5
       1
       3
       6
       3
       2
       8
       8
       2
       5
       5
       1
       5
       3
       5
       5
       4
       7
       1
       6
       3
       6
       5
       5
       9
       5
       0
       5
       2
       2
       6
       4
       2
       2
       5
       3
       4
       3
       2
       4
       5
       6
       3
       3
       2
       4
       6
       5
       2
       4
       6
       3
       5
       5
       1
       6
       7
       7
       3
       3
       1
       2
       5
       4
       3
       3
       2
       1
       5
       6
       4
       6
       2
       1
       5
       2
       3
       5
       2
       7
       4
       5
       7
       5
       6
       6
       5
       5
       1
       2
       5
       3
       5
       1
       2
       2
       2
       4
       2
       4
       2
       2
       3
       3
       1
       2
       3
       5
       2
       6
       4
       4
       5
       2
       1
       2
       1
       1
       2
       2
       2
       4
       4
       6
       3
       3
       1
       4
       5
       3
       5
       4
       5
       3
       2
       6
       3
       2
       0
       3
       7
       0
       7
       5
       8
       2
       2
       3
       7
       4
       1
       5
       3
       3
       2
       0
       3
       6
       2
       3
       4
       3
       2
       2
       5
       4
       1
       1
       4
       3
       2
       3
       8
       5
       7
       2
       2
       2
       1
       2
       4
       4
       4
       0
       2
       5
       2
       5
       4
       5
       5
       4
       4
       4
       0
       3
       4
       0
       2
       2
       1
       3
       3
       5
       6
       8
       3
       2
       4
       3
       3
       2
       2
       6
       5
       2
       3
       0
       3
       2
       5
       2
       3
       5
       4
       4
       5
       3
       4
       1
       3
       3
       2
       1
       2
       1
       5
       2
       6
       1
       4
       3
       5
       3
       4
       2
       4
       2
       4
       2
       3
       1
       0
       2
       3
       1
       2
       2
       2
       1
       2
       3
       5
       1
       2
       6
       2
       5
       0
       2
       5
       3
       3
       4
       2
       1
       4
       4
       3
       3
       4
       4
       3
       1
       5
       5
       2
       4
       1
       5
       4
       3
       2
       1
       4
       5
       2
       3
       1
       3
       1
       4
       4
       2
       2
       3
       3
       2
       2
       5
       1
       4
       3
       0
       4
       2
       3
       4
       2
       0
       2
       4
       5
       3
       4
       4
       3
       5
       2
       5
       3
       2
       1
       2
       3
       4
       6
       2
       6
       6
       3
       2
       5
       4
       2
       3
       1
       4
       3
       2
       3
       3
       1
       7
       5
       1
       2
       5
       2
       2
       1
       2
       5
       3
       2
       1
       2
       2
       3
       0
       2
       0
       5
       2
       2
       1
       2
       1
       6
       2
       3
       0
       3
       4
       2
       1
       5
       2
       4
       0
       3
       5
       5
       5
       1
       3
       0
       1
       0
       2
       1
       2
       4
       1
       3
       2
       0
       3
       3
       3
       3
       3
       6
       5
       0
       1
       2
       1
       1
       1
       7
       0
       0
       0
       0
       0
       0
       0
       0
       0
       0
       0
       0
       0
       0
       0
       0
       0
       0
       0
       0
       0
       0
       0
       0
       0
       0
       0
       0
       0
       0
       0
       0
$ROI:
0
$PRESETS:
None
0
0
$ENER_FIT:
0.000000 0.390374
$MCA_CAL:
3
0.000000E+000 3.903743E-001 0.000000E+000 keV
$SHAPE_CAL:
3
0.000000E+000 0.000000E+000 0.000000E+000
