$SPEC_ID:
Recoil
$SPEC_REM:
DET# 3
DETDESC# JLAB-11 MCB 134
AP# Maestro Version 7.01
$DATE_MEA:
11/04/2022 14:12:31
$MEAS_TIM:
1345 1407
$DATA:
0 2047
       0
       0
       0
       0
       0
       0
       0
       0
       0
       0
       0
       0
       0
       0
       0
       0
       0
       0
       0
       0
       0
       1
       0
       0
       0
       0
       0
       0
       0
       1
       0
       0
       0
       0
       0
       1
       0
       0
       0
       0
       0
       1
       1
       2
       0
       0
       0
       0
       0
       0
       0
       0
       0
       0
       0
       2
       1
       1
       0
       0
       1
       1
       2
       1
       2
       1
       1
       1
       1
       0
       1
       0
       5
       1
       3
       3
       0
       1
       1
       0
       2
       1
       3
       1
       6
       0
       4
       3
       3
       1
       3
       4
       2
       2
       7
       2
       0
       2
       1
       6
       1
       0
       2
       1
       4
       4
       2
       1
       3
       0
       5
       3
       4
       1
       4
       3
       2
       2
       2
       2
       4
       1
       3
       2
       2
       5
       6
       3
       5
       2
       2
       3
       8
       6
       7
       5
       5
       7
       6
       7
       6
       1
       5
       5
       6
       6
       3
       5
       4
       6
       2
       7
       4
       4
       7
      16
       5
       8
       3
      13
       8
       2
      10
       8
       6
      19
       6
       9
       4
       8
       9
       3
      11
      15
      10
      13
      10
      10
       3
       7
       9
       7
       7
       9
      11
      11
      11
       6
      15
      10
       8
      15
       8
      13
       7
       6
      13
      10
      13
       9
      18
       8
       8
      16
       8
      18
      11
      15
      18
      18
       9
      12
      15
      14
       6
       6
      14
      22
      16
      10
      17
      11
       9
      20
      14
      13
      11
      13
       8
      15
      14
      13
       9
      13
      14
      15
      18
      14
      12
      22
      16
       8
      12
      12
      10
      15
       8
      14
      15
       9
      15
      14
      13
       7
       5
      12
      14
      12
      14
      20
      19
      13
       6
      13
      14
      10
      13
      18
      16
      18
      15
      15
      14
      17
      13
      20
      13
      21
      14
      19
       5
      11
      17
      12
      19
      12
      15
      21
      16
      14
       8
      14
      13
      14
      10
      16
      16
       8
      16
      10
      10
      14
      18
      10
      14
      10
      14
      11
      17
      12
      14
      16
      13
      23
      17
       7
       7
      19
      15
      22
      11
      23
      11
      13
       8
      13
      18
      12
      17
      17
      15
       7
      14
      17
      11
      16
      13
      11
      15
      10
      16
      14
      17
      20
      12
      12
      15
      15
       6
      17
      11
      10
      13
      10
      12
      11
       9
      11
      10
      10
      10
      16
       9
      15
      18
      12
      11
      12
      13
       9
       5
      11
      11
      12
      10
       8
       7
      11
       7
      16
       6
      11
      13
      14
      13
      10
       6
      13
       9
       7
       9
      13
      14
       5
       6
      12
      15
       9
       7
       8
      14
      13
       7
       8
      11
      10
      15
       8
      11
      11
      15
       7
       9
      12
      17
       9
      10
       9
      11
      13
       9
       8
       6
       8
      13
       8
      11
       8
       7
       8
      14
       8
      11
      13
       6
      17
       9
       6
      10
       6
       7
      10
       6
       6
       8
       3
      10
       3
      12
       8
       9
      12
       9
       8
      12
       7
      10
       2
      14
       8
       8
      16
       7
       7
       5
      10
       8
       4
       9
       3
       7
       7
       8
      11
       5
      10
       9
       8
       8
       7
       6
       3
       9
       7
       6
      11
       7
       9
       8
       5
       5
       3
      10
       9
       7
      10
      13
       3
       4
       9
       8
       8
       5
      10
       9
       8
      10
      12
       7
       3
       3
       4
       5
      15
      10
       8
       9
       8
       4
       5
       5
       7
       3
       7
      10
      10
       6
       9
       9
       9
       6
      10
       4
       8
      11
       7
       7
       6
      10
       5
      11
       4
      11
      10
       9
       8
       8
       6
       8
       7
       4
       6
       6
       3
       6
       8
       7
       7
       5
       7
       3
       5
       6
       9
       7
       9
       6
       5
      10
      10
      11
       7
       6
       6
       6
       4
       2
       8
       5
       8
       7
       6
       4
       5
       6
       7
       8
      12
       8
       9
      10
       6
       4
       7
       8
       5
       7
       5
       4
      10
       9
       5
       5
       5
       8
       6
       9
       8
       4
      11
       9
       4
       5
       5
       6
       7
       3
       7
       2
       3
       3
       9
       3
       8
      11
       8
       7
       5
       6
      13
      10
       8
       9
       5
       9
       5
       3
       3
      10
       5
       5
       5
       6
       8
       7
       6
      11
       9
       6
       6
       7
       9
       7
       2
       9
       7
       6
       5
       7
       3
       4
       6
       8
       4
       5
       4
       8
       4
      10
      11
       8
      12
       6
       4
       6
       7
       5
       9
       3
       9
      10
       4
      10
       3
       4
       7
       5
       7
       3
       5
       6
       5
       6
       6
       8
       2
      13
       7
       6
       7
      10
       5
       4
       7
       8
       5
       8
       7
      12
       5
       3
       5
       7
       5
       9
       6
       4
       7
      12
       2
       7
       6
       5
       5
       4
      10
       7
       6
       4
      10
       7
       8
       7
       5
       7
       4
       8
       4
       5
       7
       7
       6
       9
       3
       8
       7
       5
       6
       4
       6
       6
       7
       6
       5
       7
       8
       6
      10
       7
       5
       2
       3
       4
       6
       0
       4
       3
       2
       7
       4
       5
       7
       7
       1
       5
       7
       7
      11
       6
       6
       1
       9
      12
       5
       8
       4
       4
       8
       9
       6
       9
       5
       7
       7
       2
       5
       5
       9
       7
       9
       1
       8
       2
       5
       3
       3
       2
       5
       6
       6
       7
       6
       2
       5
       5
       3
       5
       4
       6
       7
       6
       4
       6
       7
      12
       7
       6
       7
       4
       5
       6
       4
       4
      10
       6
       8
       4
       6
       6
       4
       6
       9
       9
       3
       1
       3
      11
       5
       4
       7
       5
       6
       3
       7
       6
       6
       6
       2
       4
       5
       4
       5
       5
       5
       6
       5
       3
       4
       4
       8
       7
       5
       8
       7
       5
       3
      10
       6
       2
       4
       4
      11
       5
       4
       5
       2
       5
       2
       7
       8
       4
       8
       3
       6
       3
       2
       4
       4
       6
       8
       5
      11
       6
       4
       6
       3
       6
       6
       4
       4
       9
       5
       7
       4
       8
       6
       2
       4
       4
       5
       4
       2
       3
       6
       3
       4
       5
       8
       4
       1
       6
       5
      10
       6
       1
       6
       3
       8
       4
       1
       4
       3
       8
       8
       4
       8
       7
       8
       6
       1
       3
       2
       8
       4
       3
       4
       4
       8
       7
       4
       6
       3
       6
       4
       4
       3
       8
       3
       2
       5
       5
       3
       5
       4
       2
       3
       5
       1
       6
       4
       5
       5
       4
       5
       5
       1
       7
       5
       2
       3
       5
       2
       3
       8
       3
       6
       2
       6
       5
       5
       8
       4
       6
       7
       2
       2
       6
       4
       2
       2
       4
       2
       8
       4
       4
       6
       5
       3
       4
       5
       5
       1
       6
       1
       4
       1
       3
       4
       5
       4
       5
       3
       5
       4
      14
       4
       4
       6
       3
       4
       5
       4
       5
       5
       4
       4
       6
       9
       4
       2
       4
       1
       1
       6
       5
       5
       2
       1
       4
       7
       5
       4
       4
       0
       2
       7
       2
       3
       9
       4
       6
       4
       3
       4
       2
       5
       4
       1
       6
       7
       6
       3
       6
       6
       4
       4
       2
       3
       3
       2
       5
       6
       6
       2
       1
       1
       6
       5
       7
       7
       3
       4
       4
       5
       2
      10
       4
       4
       6
       6
       3
       4
       5
       4
       5
       3
       5
       3
       1
       4
       2
      13
       2
       6
       5
       3
       8
       6
       6
       7
       5
       4
       2
       4
       6
       2
       3
       4
       0
       8
       3
       3
       5
       3
       2
       2
       3
       1
       2
       1
       1
       6
       3
       5
       1
       5
       3
       4
       5
       3
       3
       2
       4
       1
       4
       2
       2
       1
       5
       2
       2
       1
       2
       2
       6
       5
       1
       3
       2
       2
       3
       1
       1
       3
       1
       3
       3
       1
       5
       1
       2
       4
       2
       1
       3
       4
       1
       3
       1
       3
       7
       1
       2
       0
       2
       1
       4
       2
       3
       1
       1
       2
       1
       3
       1
       0
       1
       2
       3
       2
       2
       3
       1
       0
       2
       1
       5
       7
       0
       3
       0
       2
       2
       0
       2
       3
       3
       0
       1
       1
       1
       0
       1
       2
       5
       1
       3
       3
       3
       4
       1
       2
       3
       2
       1
       0
       3
       2
       1
       1
       2
       1
       1
       0
       2
       0
       2
       5
       2
       2
       4
       1
       2
       1
       0
       0
       1
       1
       3
       1
       0
       1
       4
       1
       2
       1
       2
       3
       2
       1
       1
       2
       2
       0
       1
       3
       3
       1
       1
       1
       2
       0
       0
       0
       0
       2
       1
       2
       1
       1
       2
       0
       1
       3
       1
       0
       0
       2
       1
       1
       0
       0
       0
       0
       1
       1
       0
       2
       1
       0
       0
       0
       2
       1
       0
       1
       0
       1
       0
       1
       0
       0
       0
       0
       1
       0
       0
       1
       1
       1
       0
       4
       0
       0
       4
       0
       1
       2
       1
       0
       1
       1
       1
       0
       1
       0
       0
       0
       0
       0
       0
       0
       0
       1
       0
       1
       0
       0
       1
       1
       1
       2
       2
       1
       0
       3
       0
       0
       1
       2
       1
       3
       1
       0
       0
       0
       0
       1
       2
       2
       1
       0
       1
       2
       0
       1
       2
       1
       1
       0
       2
       1
       0
       1
       0
       0
       0
       0
       2
       1
       0
       0
       0
       0
       0
       2
       1
       0
       2
       1
       0
       0
       1
       0
       0
       0
       1
       0
       0
       0
       0
       1
       1
       0
       0
       0
       0
       3
       0
       0
       1
       1
       1
       0
       1
       1
       0
       2
       2
       0
       1
       0
       0
       0
       0
       0
       0
       1
       0
       0
       2
       0
       2
       1
       0
       1
       1
       1
       3
       1
       3
       1
       2
       2
       3
       0
       0
       1
       3
       1
       1
       2
       1
       2
       0
       0
       2
       1
       1
       2
       0
       1
       0
       0
       2
       2
       3
       1
       0
       0
       1
       1
       0
       3
       1
       1
       1
       0
       2
       3
       1
       1
       1
       5
       2
       0
       1
       1
       2
       2
       0
       0
       2
       2
       0
       2
       2
       0
       1
       4
       0
       0
       0
       1
       2
       3
       3
       2
       3
       2
       2
       1
       1
       2
       3
       4
       2
       3
       2
       4
       1
       1
       5
       0
       4
       6
       2
       4
       5
       8
       3
       3
       5
       9
       3
       4
       4
       2
       4
       3
       2
       4
       3
       5
       5
       4
       3
       1
       5
       9
       1
       6
       4
       2
       5
       7
       4
       3
       2
       6
       4
       4
       6
      11
       9
       9
      11
       2
       2
       6
       6
      10
      10
       5
       9
       6
       4
       3
       4
       8
       5
       9
       9
       5
       7
       6
       9
       9
      10
       6
       9
       5
      10
      12
       6
       5
       9
       5
       6
       9
      13
       9
       7
       8
       9
       4
       6
       7
       7
      12
       6
       5
       4
       9
       4
       8
      10
       5
       4
       7
       7
       4
       7
       3
       5
       4
       2
       3
       4
       5
       2
       6
       4
      10
       4
       9
       7
       5
       3
       6
       3
       5
       5
       7
       4
       4
       6
       1
       1
       3
       3
       4
       1
       4
       4
       5
       8
       4
       2
       3
       4
       3
       2
       3
       4
       3
       3
       1
       1
       3
       2
       2
       1
       5
       2
       0
       0
       1
       1
       0
       1
       0
       3
       2
       1
       2
       3
       0
       2
       1
       1
       0
       1
       0
       1
       1
       0
       0
       1
       3
       1
       0
       0
       0
       0
       0
       0
       2
       0
       1
       1
       0
       0
       0
       3
       1
       1
       0
       0
       0
       0
       0
       0
       0
       0
       0
       0
       0
       0
       1
       0
       1
       1
       0
       1
       0
       0
       1
       0
       0
       0
       0
       0
       1
       0
       1
       0
       1
       0
       0
       1
       0
       0
       0
       0
       1
       0
       1
       1
       0
       0
       0
       1
       0
       0
       0
       0
       0
       0
       0
       0
       0
       0
       0
       1
       0
       0
       0
       0
       0
       2
       0
       0
       0
       0
       0
       2
       0
       1
       0
       0
       0
       0
       1
       2
       0
       0
       0
       0
       0
       1
       0
       0
       0
       0
       0
       0
       2
       0
       0
       0
       0
       0
       0
       0
       0
       1
       0
       0
       1
       1
       0
       1
       0
       0
       0
       0
       1
       0
       0
       0
       1
       0
       2
       1
       0
       0
       0
       0
       0
       1
       0
       0
       1
       0
       0
       0
       0
       0
       1
       1
       0
       0
       0
       0
       0
       1
       0
       0
       1
       1
       1
       0
       0
       0
       0
       0
       1
       0
       0
       0
       0
       0
       0
       1
       1
       0
       1
       0
       0
       0
       0
       0
       0
       0
       0
       0
       0
       1
       0
       0
       0
       2
       0
       0
       1
       0
       0
       0
       0
       0
       1
       0
       0
       0
       0
       0
       0
       0
       0
       0
       0
       0
       0
       0
       0
       0
       0
       0
       0
       0
       0
       0
       0
       1
       1
       1
       1
       1
       0
       0
       0
       0
       1
       0
       0
       0
       0
       0
       0
       0
       0
       0
       0
       0
       0
       0
       0
       1
       0
       1
       0
       0
       2
       0
       1
       0
       0
       0
       0
       0
       0
       1
       0
       0
       0
       0
       0
       0
       0
       0
       0
       0
       0
       0
       1
       0
       0
       0
       0
       0
       0
       0
       0
       0
       0
       0
       0
       0
       0
       0
       0
       0
       0
       0
       0
       0
       0
       0
       0
       0
       0
       0
       0
       0
       0
       0
       0
$ROI:
0
$PRESETS:
None
0
0
$ENER_FIT:
0.000000 0.390374
$MCA_CAL:
3
0.000000E+000 3.903743E-001 0.000000E+000 keV
$SHAPE_CAL:
3
0.000000E+000 0.000000E+000 0.000000E+000
