$SPEC_ID:
Scatter
$SPEC_REM:
DET# 2
DETDESC# JLAB-11 MCB 133
AP# Maestro Version 7.01
$DATE_MEA:
11/04/2022 14:12:27
$MEAS_TIM:
1381 1386
$DATA:
0 2047
       0
       0
       0
       0
       0
       0
       0
       0
       0
       0
       0
       0
       0
       0
       0
       0
       0
       0
       0
       0
       0
       0
       0
       0
       0
       0
       0
       0
       0
       0
       0
       0
       0
       0
       0
       0
       0
       0
       0
       0
       0
       0
       0
       0
       0
       0
       0
       0
       0
       0
       0
       2
       0
       3
       5
       5
       3
       2
       7
       4
       9
       6
       7
       5
       9
       6
       7
       5
      12
       5
       7
       7
       6
       6
      13
      11
       7
       6
       5
       9
       9
       9
       9
       5
      10
       5
      14
      13
      10
       8
       9
       8
       7
       6
       8
       4
       6
       5
       7
       4
      10
       7
       8
      10
      14
       7
       7
      11
       7
      10
       5
       9
       6
       5
       5
      11
      13
       8
       6
       9
       6
      10
       6
       7
      10
      12
       5
       9
       6
       6
       9
       3
      12
       7
       9
       9
      11
       7
       6
       4
       7
       8
       8
      15
       9
       2
      13
      10
       6
       6
       9
       6
       7
       8
      15
       8
       4
       6
      12
       8
       6
       7
      10
       4
      10
       7
      12
      17
       5
      12
      10
       5
       8
       9
       7
       9
       9
       6
       7
       9
       6
       9
      12
       5
       6
      10
       7
       7
       6
      13
       7
       9
      10
       8
      11
      15
      11
       9
      14
      10
      14
      14
       8
      10
      10
       9
       5
       5
      17
       8
      12
      15
      11
      21
      13
      12
      19
      16
      11
      18
      11
      11
      13
      13
      14
      14
       9
      12
      10
      12
      13
       8
      17
      10
       7
       8
      13
      10
      10
      15
      12
      11
       8
      11
      11
      11
      16
      12
      14
      11
      11
      13
      11
       7
      13
      11
      17
      11
      12
      10
      10
      13
      15
      17
      10
      14
      15
      14
      16
      14
      15
       6
      12
      12
      10
      11
      12
      11
       9
      10
      21
       6
       6
      13
      18
      11
      12
      14
      14
      11
      11
      12
      13
      11
      17
      14
      13
      13
       9
      13
      16
       9
       9
      18
       8
       4
      12
      17
      11
      15
      17
      16
      12
      17
       9
      17
       7
       9
       6
      11
      10
       9
      17
       7
       9
      13
       4
      16
      18
      10
       6
      10
      11
      11
      12
      15
      14
      11
      14
      11
       7
      11
      11
      12
       6
      12
       7
      13
      17
       9
      11
       9
      16
      19
      12
      18
      10
      20
      14
      18
      11
      16
       7
      18
      15
      14
      16
      12
       6
      11
       9
      11
       9
      15
      10
      12
      15
       5
       7
       9
      16
      15
      10
       7
      12
       7
       7
      11
       6
      11
      14
      25
      13
       9
      10
      11
      11
      12
       7
      16
      11
      16
       8
      15
      17
      19
      10
      16
       9
      15
      13
      13
      13
      12
      10
      14
      11
      11
      17
       9
      14
      10
       7
      11
      10
      15
      21
      10
      13
      15
      10
       8
      19
       7
       7
      15
      18
      12
      19
      14
      13
       3
      11
      15
      15
      10
       9
       8
      12
      11
      12
       9
      12
      13
      13
      14
      12
      15
      11
       9
      16
      12
      11
      11
      14
      16
      12
      22
      13
      12
      11
      10
      16
      10
       9
      12
      17
       8
      13
       6
      12
      14
      11
       7
       7
      10
       6
      10
       9
      15
      19
      14
      18
      16
      14
       9
      11
       7
      10
      11
       2
      11
       6
       3
       7
       6
      11
      13
      13
      10
      10
       7
      17
       8
      12
       9
       8
      14
      10
       6
      12
       5
      11
      18
       6
       7
       9
      11
       9
       6
      10
      16
      12
       8
       7
       9
      10
      10
       7
      11
      12
       8
       7
      11
       9
      10
      11
       7
      13
      11
       8
      10
      11
       9
       6
      10
      11
      11
      13
      11
      14
      11
       6
      10
      13
       8
       7
      11
      14
      14
       9
       4
       7
      13
       7
       2
      12
       6
       8
       5
       6
       8
      10
       8
       8
       5
       6
      15
       9
       7
       7
       7
      11
       5
       3
       8
      10
       7
       6
      10
      11
       8
      12
       5
       6
       6
       7
       5
       8
       7
      13
       8
      11
      13
       4
      13
       3
       7
       7
       7
       8
       6
       8
       9
      10
      10
       8
       8
      11
       1
      11
       6
      10
       6
      15
       4
       3
       3
      10
      11
       7
       7
       5
       9
       8
       1
       8
       4
      11
       5
       7
       7
       7
       9
       4
       8
       6
      11
       9
       5
       5
       7
      12
       7
       4
       6
       9
       8
       7
       6
       7
       4
       3
       9
       9
       5
       9
       3
       6
       7
      10
       6
       6
       5
       8
      11
       5
       6
       3
       3
       7
       9
       8
       7
       4
       5
       7
       6
       8
       3
       4
       4
       5
       7
      10
       4
       7
       4
       4
      10
      11
       5
       7
       4
      10
       8
       3
      10
       6
       5
       7
      11
       8
       6
       6
       5
       5
       6
       6
      10
       3
       9
       7
       4
       9
       8
       4
       6
       5
      11
       4
       2
       5
       7
       3
       8
       1
       6
       8
       2
       5
       4
       6
       8
       7
       5
       4
       7
       5
      11
       7
       4
       4
       5
       7
       9
       6
       7
       5
       7
       6
       6
       5
       5
       6
       5
       4
       6
      14
       6
       4
       7
       3
       2
       5
       6
       9
       9
       5
       8
       3
       4
       4
       9
       7
       4
       2
       3
       6
       6
       5
       3
       6
       7
       6
       5
       7
      12
       5
       6
       6
       7
       7
       5
       5
       3
       5
       3
       4
       6
       5
       7
       7
       5
       5
       5
       5
       8
       5
       4
       6
       5
       6
       4
       5
       5
       8
       2
       5
       7
       7
       4
       3
       8
       5
       6
       5
       8
       4
       3
       3
       6
       6
       4
       6
       6
       6
       3
       5
       5
       5
       5
       2
       6
       5
       2
       5
       5
       4
       5
       6
       2
       2
       4
       3
       5
       6
       4
       5
       3
       9
       3
       5
       8
       5
       6
       5
       5
       5
       2
       5
       2
       1
       6
       2
       7
       8
       3
       2
       7
       6
       2
       7
       4
       2
       6
       6
       3
       5
       4
       6
       1
      10
       6
       2
       5
       2
       3
       3
       7
       2
       7
       2
       9
       4
       3
       2
       2
       5
       6
       3
       2
       5
       2
       5
       5
       0
       1
       9
       4
       1
       8
       2
       7
       3
       0
       2
       2
       6
       2
       4
       4
       6
       3
       2
       8
       5
       4
       1
       1
       6
       2
       6
       3
       5
       8
       2
       0
       5
       5
       1
       2
       1
       6
       7
       3
      10
       1
       4
       3
       2
       4
       5
       6
       7
       2
       4
       2
       8
       6
       2
       3
       6
       7
       4
       3
       2
       4
       1
       2
       3
       6
       3
       2
       4
       1
       3
       8
       4
       4
       2
       5
       1
       2
       5
       5
       2
       1
       2
       6
       3
       1
       4
       6
       1
       6
       3
       2
       3
       4
       5
       5
       3
       3
       5
       4
       3
       4
       3
       1
       3
       1
       5
       4
       3
       2
       4
       1
       5
       4
       3
       4
       1
       4
       1
       3
       3
       3
       1
       4
       3
       7
       0
       7
       1
       3
       2
       2
       3
       2
       3
       6
       2
       2
       1
       4
       1
       5
       2
       3
       5
       4
       6
       3
       2
       2
       7
       0
       2
       1
       1
       2
       2
       0
       3
       3
       3
       2
       2
       2
       0
       2
       5
       2
       2
       1
       2
       1
       3
       0
       4
       2
       2
       1
       3
       2
       1
       6
       4
       2
       1
       5
       0
       3
       3
       3
       0
       2
       3
       0
       1
       3
       1
       1
       0
       2
       1
       0
       6
       0
       2
       4
       2
       2
       5
       2
       1
       2
       1
       2
       0
       1
       1
       2
       3
       3
       3
       0
       1
       5
       1
       1
       3
       4
       3
       2
       3
       3
       4
       2
       2
       3
       1
       2
       3
       4
       4
       3
       0
       4
       1
       3
       2
       4
       1
       2
       2
       1
       0
       3
       6
       0
       0
       3
       1
       0
       3
       1
       2
       5
       2
       1
       2
       2
       1
       1
       2
       1
       5
       5
       2
       1
       3
       1
       3
       3
       1
       3
       1
       3
       3
       3
       1
       4
       1
       2
       2
       3
       3
       3
       2
       0
       5
       0
       3
       4
       5
       1
       2
       3
       1
       1
       2
       2
       1
       2
       3
       4
       1
       1
       1
       4
       4
       0
       2
       2
       2
       6
       2
       3
       5
       3
       1
       5
       3
       1
       1
       1
       0
       2
       4
       0
       0
       1
       5
       0
       1
       2
       1
       0
       3
       2
       0
       3
       0
       1
       2
       1
       3
       1
       3
       4
       1
       1
       2
       2
       2
       3
       0
       1
       3
       3
       0
       5
       3
       2
       3
       3
       0
       0
       0
       5
       2
       1
       2
       1
       2
       3
       2
       2
       2
       6
       2
       1
       2
       3
       3
       0
       4
       3
       3
       0
       2
       2
       1
       2
       1
       3
       1
       2
       0
       0
       4
       2
       2
       2
       2
       2
       2
       0
       1
       2
       0
       3
       2
       1
       5
       1
       0
       1
       1
       1
       0
       2
       3
       1
       2
       1
       0
       1
       4
       1
       3
       2
       3
       1
       0
       1
       2
       0
       2
       0
       2
       2
       1
       0
       1
       2
       2
       0
       1
       1
       2
       0
       0
       1
       0
       0
       1
       0
       0
       1
       1
       2
       1
       2
       1
       1
       1
       1
       2
       0
       2
       0
       1
       1
       0
       2
       2
       1
       2
       4
       1
       3
       2
       3
       0
       3
       2
       1
       3
       1
       0
       2
       0
       2
       1
       4
       1
       1
       1
       1
       0
       0
       0
       2
       2
       2
       0
       0
       1
       1
       1
       2
       1
       1
       1
       3
       3
       1
       0
       0
       0
       1
       3
       0
       1
       1
       0
       3
       2
       1
       1
       0
       1
       2
       0
       3
       1
       0
       0
       0
       2
       1
       0
       3
       0
       2
       1
       1
       0
       0
       1
       1
       1
       0
       1
       0
       1
       0
       1
       1
       0
       0
       2
       1
       1
       1
       1
       1
       4
       0
       2
       0
       0
       0
       2
       2
       0
       1
       1
       1
       1
       0
       1
       2
       1
       0
       1
       0
       1
       1
       1
       0
       0
       0
       0
       1
       1
       1
       0
       1
       1
       1
       0
       2
       2
       1
       1
       1
       1
       1
       0
       0
       3
       0
       0
       0
       0
       0
       2
       0
       1
       0
       5
       1
       0
       0
       0
       1
       1
       0
       3
       1
       0
       3
       0
       1
       0
       2
       2
       1
       0
       1
       0
       0
       0
       1
       1
       0
       1
       0
       1
       0
       0
       1
       1
       0
       0
       0
       0
       2
       0
       1
       1
       1
       0
       1
       1
       1
       1
       0
       0
       0
       1
       0
       0
       0
       0
       0
       0
       1
       0
       0
       0
       0
       0
       0
       1
       0
       1
       0
       0
       0
       0
       0
       0
       0
       0
       2
       0
       0
       1
       0
       1
       0
       0
       0
       0
       0
       0
       0
       0
       0
       0
       1
       0
       2
       0
       0
       1
       1
       0
       0
       1
       0
       1
       0
       0
       0
       0
       0
       0
       0
       0
       0
       0
       1
       2
       0
       0
       0
       0
       0
       0
       1
       0
       0
       1
       0
       0
       0
       0
       0
       1
       0
       1
       0
       0
       0
       0
       1
       1
       0
       0
       0
       0
       1
       0
       1
       1
       0
       1
       0
       0
       2
       0
       0
       0
       1
       1
       0
       0
       1
       0
       0
       1
       0
       0
       0
       0
       0
       0
       0
       0
       0
       0
       0
       0
       0
       0
       0
       0
       0
       0
       0
       0
       0
       0
       0
       0
       0
       0
       1
       0
       0
       0
       0
       0
       0
       0
       0
       0
       0
       0
       0
       0
       0
       0
       0
       0
       0
       1
       0
       0
       2
       0
       0
       0
       0
       0
       0
       0
       2
       0
       0
       1
       0
       0
       1
       0
       1
       0
       0
       0
       0
       0
       0
       0
       1
       0
       0
       0
       0
       0
       0
       1
       0
       0
       0
       0
       0
       0
       0
       1
       0
       0
       0
       1
       0
       0
       0
       0
       0
       0
       0
       1
       1
       0
       0
       0
       0
       0
       1
       0
       0
       0
       0
       0
       0
       0
       0
       0
       0
       0
       0
       0
       0
       0
       2
       1
       0
       0
       1
       0
       0
       0
       0
       0
       0
       0
       0
       0
       0
       0
       1
       0
       0
       0
       0
       0
       0
       0
       0
       1
       0
       0
       0
       0
       0
       0
       0
       0
       0
       0
       0
       0
       0
       0
       0
       1
       0
       0
       0
       0
       1
       0
       0
       0
       0
       0
       0
       0
       0
       1
       0
       0
       1
       0
       0
       2
       1
       1
       0
       0
       0
       0
       0
       0
       1
       2
       0
       0
       0
       0
       0
       0
       0
       1
       0
       0
       0
       0
       0
       1
       0
       0
       0
       1
       0
       0
       0
       0
       0
       0
       0
       0
       1
       0
       0
       0
       0
       0
       0
       0
       0
       0
       0
       0
       1
       0
       0
       0
       0
       0
       0
       0
       0
       0
       0
       0
       0
       0
       1
       0
       0
       0
       0
       3
       1
       0
       0
       0
       0
       0
       1
       0
       0
       0
       0
       0
       0
       0
       0
       1
       0
       0
       1
       0
       0
       0
       0
       0
       0
       0
       1
       0
       0
       0
       0
       0
       0
       0
       2
       0
       0
       0
       0
       0
       0
       0
       0
       0
       0
       0
       0
       0
       0
       0
       0
       0
       0
       0
       0
       0
       0
       0
       0
       0
       0
       0
       0
       0
       0
       0
       0
       0
       0
$ROI:
0
$PRESETS:
None
0
0
$ENER_FIT:
-0.143974 0.420003
$MCA_CAL:
3
-1.439737E-001 4.200033E-001 0.000000E+000 keV
$SHAPE_CAL:
3
0.000000E+000 0.000000E+000 0.000000E+000
