$SPEC_ID:
Recoil
$SPEC_REM:
DET# 3
DETDESC# JLAB-11 MCB 134
AP# Maestro Version 7.01
$DATE_MEA:
10/31/2022 16:16:51
$MEAS_TIM:
981 1052
$DATA:
0 2047
       0
       0
       0
       0
       0
       0
       0
       0
       0
       0
       0
       0
       0
       0
       0
       0
       0
       0
       0
       0
       0
       0
       0
       0
       0
       0
       0
       0
       0
       0
       0
       0
       0
       0
       0
       0
       0
       0
       0
       0
       0
       0
       0
       0
       0
       0
       0
       0
       0
       0
       0
       0
       0
       0
       0
       0
       0
       0
       0
       0
       0
       0
       0
       0
       0
       0
       0
       0
       0
       0
       0
       0
       0
       0
       1
       1
       0
       1
       1
       1
       0
       0
       0
       0
       1
       0
       1
       1
       1
       1
       1
       0
       2
       0
       1
       0
       0
       1
       0
       1
       1
       1
       0
       1
       0
       1
       0
       0
       1
       1
       1
       4
       0
       1
       2
       0
       0
       2
       1
       0
       0
       2
       1
       1
       3
       1
       0
       1
       0
       3
       0
       2
       1
       3
       0
       2
       1
       2
       1
       2
       1
       1
       1
       0
       3
       0
       1
       2
       2
       0
       0
       4
       3
       0
       1
       2
       2
       0
       0
       1
       3
       3
       1
       2
       1
       1
       2
       1
       2
       1
       1
       0
       1
       2
       2
       1
       1
       2
       0
       1
       1
       1
       1
       5
       1
       1
       2
       3
       7
       2
       1
       5
       1
       4
       0
       2
       4
       1
       4
       1
       6
       5
       0
       3
       5
       4
       1
       2
       3
       2
       1
       2
       0
       3
       1
       1
       3
       1
       2
       4
       4
       3
       1
       0
       3
       4
       4
       2
       0
       3
       0
       2
       0
       2
       4
       6
       4
       1
       6
       3
       3
       2
       2
       3
       2
       1
       1
       1
       1
       2
       2
       4
       2
       2
       3
       2
       3
       2
       3
       2
       4
       2
       4
       1
       2
       0
       5
       2
       5
       2
       2
       1
       2
       2
       3
       3
       6
       4
       4
       4
       4
       0
       2
       2
       5
       3
       1
       2
       1
       2
       1
       3
       3
       4
       3
       1
       2
       1
       2
       2
       2
       4
       4
       1
       2
       3
       4
       2
       2
       2
       1
       1
       4
       2
       3
       3
       3
       1
       4
       3
       5
       2
       3
       4
       6
       1
       1
       4
       5
       7
       3
       3
       3
       3
       1
       3
       6
       1
       7
       1
       5
       7
       1
       0
       0
       3
       6
       1
       5
       3
       4
       0
       2
       4
       3
       2
       3
       3
       3
       1
       4
       2
       4
       6
       7
       0
       4
       4
       2
       3
       4
       3
       6
       2
       3
       6
       2
       3
       3
       6
       3
       2
       8
       4
       4
       3
       2
       4
       1
       2
       2
       4
       9
       5
       3
       2
       4
       5
       4
       4
       5
       5
       3
       3
       6
       4
       4
       3
       7
       6
       6
       4
       2
       2
       3
       4
       5
       2
       2
       4
       5
       3
       2
       2
       4
       5
       6
       6
       7
       4
       7
       4
       7
       5
       3
       5
       6
       2
       2
       8
       4
       4
       5
       7
       4
       2
       6
       9
       7
       6
      10
       4
      10
       5
       3
       7
       3
       7
       3
       5
       2
       6
       6
       7
       6
       2
       4
       4
       3
       4
       3
       7
       8
       4
       3
       4
       7
       9
       5
       3
       3
      10
       7
       9
       7
      10
       5
       5
       4
       3
       7
       5
       6
       8
       4
       5
       7
       4
       6
       5
       7
       8
       3
       1
       4
      10
       3
       8
       4
       5
       7
       4
       9
       7
       4
       2
       6
       8
       9
       5
       1
       5
       2
       7
       4
       9
       3
       8
       4
       6
       8
       5
       8
       9
       6
       7
       6
       6
       5
       3
       2
       9
       3
       4
       8
       4
       4
       2
       4
       7
       6
       3
       1
       3
       3
       9
      11
       4
       9
      15
       7
       3
       3
       7
      12
       4
       4
       8
       7
       5
       8
       4
       5
       5
       9
      12
       3
       5
       5
       5
       9
       8
       5
       4
       5
       3
       6
       7
       6
       4
       5
       4
       8
       4
       4
       5
       8
       8
       6
       6
      10
       6
      10
       4
      11
       6
       7
       8
       7
       7
       8
       8
       9
      11
       2
       7
       2
       9
       6
       3
      15
       8
       7
       2
       7
       4
      12
       7
       8
       6
      10
       8
       4
       4
       7
      10
       5
      11
       5
      11
       8
       9
       6
       4
       7
       5
       7
       8
       7
       5
       7
      10
       8
       9
       8
       7
       8
       3
       2
       8
       5
       9
       8
      10
      12
       5
       9
       6
      10
       9
       8
      11
       5
       5
       5
       6
       3
       8
       7
       8
       8
       5
       7
       7
      13
       6
       7
      10
       7
      10
       7
       8
       6
      11
       6
       9
      14
       6
       8
      10
       9
      12
      11
       9
      10
       9
      10
       7
       7
      10
       8
      10
      12
      18
      10
       7
      13
      12
      11
       7
      11
      10
      11
      14
       9
      15
      13
      11
       9
      11
      11
      11
       5
      11
       9
      14
      12
      17
      13
      12
      11
      12
       9
      12
      18
      20
      17
      12
      15
      14
       9
      16
      19
      19
      13
      15
      10
      17
      19
      10
      15
      12
      17
      17
      27
      18
      18
      17
      24
      16
      17
      17
      15
      16
      17
      15
      18
      21
      26
      19
      18
      21
      23
      21
      19
      17
      16
      28
      18
      21
      29
      18
      26
      18
      25
      29
      21
      27
      19
      22
      23
      35
      21
      26
      19
      24
      35
      21
      25
      19
      25
      25
      31
      22
      26
      31
      31
      22
      25
      18
      24
      26
      20
      29
      28
      27
      32
      33
      29
      26
      20
      22
      23
      28
      37
      24
      23
      33
      33
      21
      24
      29
      32
      25
      24
      29
      21
      24
      28
      33
      31
      25
      25
      19
      21
      27
      28
      26
      28
      29
       9
      26
      20
      26
      27
      19
      24
      16
      20
      34
      21
      23
      23
      31
      18
      22
      18
      20
      18
      19
      18
      21
      13
      23
      22
      14
      19
      21
      30
      23
      25
      16
      17
      17
      26
      18
      17
      21
      22
      16
      12
      23
      19
      20
      18
      23
      19
      15
      24
      20
      17
      23
      19
      11
      12
      16
      12
      14
      15
      17
      14
      16
       7
      13
      23
       7
      18
       8
      11
       5
       9
      11
      12
      13
      10
      10
       9
      12
      15
      10
      10
       7
       9
       9
      15
      13
      14
       9
      18
      11
       8
      19
      11
       8
      14
       9
       8
       7
       8
       7
       8
      10
       7
      11
       5
      13
      12
       7
       7
      10
       9
      11
       4
       7
      10
       8
       8
      12
      15
       6
       9
       8
       5
      11
       4
       8
       8
       6
       8
      10
      14
       4
       9
       4
       5
       7
       6
       5
       8
       6
       7
      11
       7
       7
       3
      10
       7
       7
       7
       8
       7
       7
       7
       6
      11
       6
      11
       5
      11
       5
       3
      12
       6
       5
       4
       8
       2
       9
       8
      12
       5
       5
       9
       7
       7
       9
      10
       7
       9
      11
       8
       9
       6
       5
       4
       9
       5
       8
      11
       3
      12
       8
       6
       8
       4
       4
       8
       6
       8
       7
       2
       5
       6
      11
       4
      10
       4
       4
       3
       8
       6
       4
       9
       7
       3
       5
       5
       9
       6
       7
       5
       4
       2
       7
       7
       7
       6
       9
       3
      11
       3
       5
       3
       6
      12
       7
       5
       6
       5
       2
       1
       2
       3
       0
       1
       5
       4
       1
       4
       5
       6
       4
       5
       4
       3
       7
       6
       5
       3
       8
       7
       7
       3
       6
       6
       2
       3
       2
       6
       2
       4
       5
       3
       4
       8
       5
       2
       3
       4
       1
       3
       7
       5
       4
       4
       3
       1
       4
       1
       2
       8
       3
       1
       8
       2
       5
       1
       1
       5
       1
       2
       3
       2
       3
       3
       4
       7
       7
       4
       3
       4
       4
       3
       3
       2
       3
       2
       3
       1
       3
       1
       2
       3
       3
       3
       4
       1
       6
       2
       1
       1
       5
       3
       2
       3
       2
       4
       0
       2
       2
       5
       2
       2
       1
       0
       3
       3
       0
       3
       0
       1
       1
       0
       2
       3
       2
       1
       1
       2
       4
       7
       3
       0
       1
       2
       6
       1
       2
       3
       2
       2
       0
       2
       3
       2
       1
       0
       1
       0
       1
       1
       0
       2
       0
       0
       3
       0
       2
       2
       2
       2
       0
       1
       3
       4
       2
       2
       1
       1
       2
       1
       4
       0
       1
       1
       2
       0
       0
       3
       2
       1
       2
       1
       2
       0
       1
       1
       4
       0
       3
       0
       0
       0
       0
       1
       1
       2
       0
       1
       2
       2
       2
       0
       1
       1
       0
       0
       0
       0
       0
       3
       0
       2
       2
       1
       0
       1
       0
       2
       1
       1
       2
       0
       0
       1
       0
       2
       1
       0
       0
       2
       1
       1
       1
       1
       1
       0
       1
       0
       3
       2
       1
       2
       1
       3
       2
       0
       0
       1
       2
       3
       0
       1
       0
       3
       0
       0
       0
       0
       0
       1
       1
       1
       0
       0
       0
       0
       0
       0
       1
       0
       1
       1
       2
       1
       2
       2
       0
       1
       2
       1
       2
       1
       0
       1
       0
       0
       0
       2
       3
       0
       0
       0
       0
       2
       0
       0
       1
       0
       2
       2
       3
       1
       1
       0
       1
       1
       0
       1
       0
       0
       0
       3
       1
       1
       2
       2
       1
       0
       3
       2
       2
       0
       0
       1
       2
       1
       2
       1
       1
       2
       1
       0
       1
       2
       4
       0
       0
       2
       2
       0
       3
       2
       2
       1
       2
       1
       1
       2
       4
       1
       0
       2
       4
       1
       4
       4
       1
       3
       0
       6
       3
       1
       1
       4
       4
       6
       3
       4
       2
       4
       2
       6
       6
       5
       6
       6
       5
       3
       3
       6
       5
       1
       2
       5
       5
      12
       3
       5
       5
       3
       8
       6
       5
       6
       5
       5
       6
       5
       8
       8
       6
       4
       9
      13
       8
       4
       9
       9
       9
       7
       5
       5
       5
      10
      11
      10
       8
      12
      11
       7
       8
      10
       7
       9
       8
       6
      11
       8
      10
      13
      16
      13
      10
      10
      10
      11
      10
       5
       9
       7
       6
      12
      10
      15
      10
      10
      11
       5
       9
      12
      13
      14
       9
      12
      10
      16
       9
      11
       9
       4
       6
      17
      13
      16
       6
      14
      14
      10
       7
       6
      12
       5
      13
      15
      12
       4
      14
      10
       7
      10
       6
      14
      12
      13
       9
       7
      10
      10
      10
      13
       9
       8
       6
      11
      10
       7
       4
       9
       9
       7
       5
       9
       4
       6
       6
       6
       5
      11
       5
      11
       7
       8
       4
       4
       3
       2
       5
       6
       6
       4
       1
       4
       8
       3
       4
       4
       7
       4
       2
       1
       4
       3
       3
       3
       3
       1
       3
       0
       4
       1
       5
       4
       2
       4
       1
       1
       0
       0
       4
       1
       1
       2
       1
       0
       1
       1
       0
       2
       2
       2
       0
       0
       3
       0
       0
       2
       1
       0
       1
       0
       1
       0
       0
       0
       2
       1
       0
       0
       0
       2
       1
       1
       0
       1
       0
       0
       2
       1
       0
       0
       0
       0
       1
       0
       0
       0
       0
       0
       0
       0
       2
       0
       1
       1
       0
       0
       0
       1
       0
       0
       0
       0
       0
       0
       0
       0
       0
       0
       0
       0
       0
       0
       1
       0
       1
       1
       0
       0
       0
       0
       1
       0
       0
       0
       1
       0
       2
       1
       0
       0
       1
       0
       0
       0
       0
       0
       0
       0
       0
       1
       0
       0
       2
       0
       0
       0
       1
       0
       1
       0
       0
       1
       0
       1
       0
       0
       1
       0
       0
       0
       1
       0
       0
       0
       0
       1
       0
       1
       1
       0
       0
       0
       0
       1
       1
       0
       0
       0
       0
       0
       0
       1
       0
       0
       1
       0
       1
       0
       0
       0
       0
       0
       0
       1
       0
       0
       0
       0
       0
       1
       0
       1
       0
       0
       0
       0
       0
       1
       0
       0
       0
       1
       0
       1
       1
       0
       0
       0
       1
       3
       1
       0
       0
       0
       1
       0
       1
       1
       0
       0
       0
       2
       0
       0
       1
       0
       2
       0
       0
       0
       0
       0
       0
       0
       0
       0
       1
       0
       0
       0
       1
       1
       0
       0
       1
       0
       0
       0
       0
       0
       0
       0
       0
       0
       1
       0
       0
       1
       0
       0
       0
       0
       0
       0
       0
       1
       1
       1
       0
       0
       0
       1
       2
       0
       0
       0
       0
       0
       1
       0
       0
       0
       0
       0
       0
       0
       0
       1
       0
       0
       0
       0
       0
       0
       0
       2
       0
       0
       0
       0
       0
       0
       0
       0
       0
       1
       1
       0
       0
       0
       1
       0
       1
       1
       0
       0
       0
       0
       1
       0
       0
       0
       0
       0
       0
       0
       0
       0
       0
       0
       0
       1
       0
       0
       0
       0
       0
       0
       0
       0
       0
       0
       0
       0
       1
       1
       0
       0
       0
       0
       1
       0
       0
       0
       0
       0
       0
       0
       1
       0
       0
       0
       2
       0
       0
       0
       0
       0
       0
       0
       0
       0
       0
       0
       0
       0
       0
       0
       1
       0
       0
       0
       0
       0
       0
       1
       0
       0
       0
       0
       1
       0
       1
       0
       0
       0
       0
       1
       0
       0
       1
       0
       0
       3
       1
       0
       0
       0
       0
       0
       0
       0
       0
       0
       0
       0
       0
       0
       0
       0
       0
       0
       0
       0
       0
       0
       0
       0
       0
       0
       0
       0
       0
       0
       0
       0
       0
$ROI:
0
$PRESETS:
None
0
0
$ENER_FIT:
0.000000 0.436379
$MCA_CAL:
3
0.000000E+000 4.363792E-001 0.000000E+000 keV
$SHAPE_CAL:
3
0.000000E+000 0.000000E+000 0.000000E+000
