$SPEC_ID:
Recoil
$SPEC_REM:
DET# 3
DETDESC# JLAB-11 MCB 134
AP# Maestro Version 7.01
$DATE_MEA:
10/31/2022 16:37:29
$MEAS_TIM:
973 1042
$DATA:
0 2047
       0
       0
       0
       0
       0
       0
       0
       0
       0
       0
       0
       0
       0
       0
       0
       0
       0
       0
       0
       0
       0
       0
       0
       0
       0
       0
       0
       0
       0
       0
       0
       0
       0
       0
       0
       0
       0
       0
       0
       0
       0
       0
       0
       0
       0
       0
       0
       0
       0
       0
       0
       0
       0
       0
       0
       0
       0
       0
       0
       0
       0
       0
       0
       0
       0
       0
       0
       0
       0
       2
       0
       0
       0
       0
       0
       2
       1
       0
       0
       1
       1
       0
       1
       2
       0
       0
       2
       0
       1
       2
       0
       0
       0
       1
       1
       2
       0
       2
       0
       0
       0
       1
       2
       0
       2
       1
       4
       4
       1
       1
       3
       0
       0
       0
       1
       2
       1
       0
       2
       2
       1
       1
       1
       1
       2
       0
       2
       4
       1
       2
       1
       0
       0
       1
       1
       1
       0
       0
       0
       2
       3
       1
       2
       0
       2
       4
       0
       1
       0
       2
       0
       5
       0
       0
       1
       0
       1
       1
       1
       0
       0
       0
       1
       2
       4
       2
       1
       3
       0
       1
       0
       2
       0
       2
       1
       3
       1
       2
       1
       1
       2
       5
       1
       1
       1
       4
       1
       0
       1
       4
       1
       0
       1
       1
       3
       3
       1
       5
       1
       3
       4
       2
       2
       4
       1
       3
       4
       4
       1
       4
       5
       3
       1
       2
       2
       2
       1
       1
       2
       0
       1
       4
       1
       0
       2
       2
       1
       3
       4
       2
       0
       2
       4
       1
       3
       1
       1
       1
       2
       2
       2
       3
       1
       0
       1
       5
       3
       3
       2
       1
       1
       2
       3
       1
       2
       1
       1
       2
       2
       1
       2
       1
       1
       1
       2
       3
       3
       3
       3
       0
       1
       1
       5
       0
       5
       1
       2
       3
       3
       4
       2
       3
       4
       3
       2
       2
       0
       2
       4
       3
       1
       3
       6
       1
       3
       0
       3
       1
       2
       2
       3
       1
       6
       4
       0
       4
       3
       4
       5
       1
       0
       4
       3
       3
       2
       2
       5
       2
       3
       5
       3
       2
       1
       2
       2
       2
       1
       3
       4
       4
       5
       2
       5
       4
       7
       5
       1
       2
       5
       1
       3
       2
       2
       4
       2
       4
       3
       2
       4
       5
       3
       4
       1
       3
       1
       3
       3
       1
       2
       2
       4
       4
       6
       2
       7
       1
       4
       0
       3
       1
       8
       3
       2
       4
       5
       0
       3
       6
       4
       3
       4
       2
       2
       5
       6
       2
       5
       3
       3
       3
       4
       0
       3
       4
       3
       1
       4
       2
       7
       2
       3
       5
       4
       1
       3
       3
       5
       6
       4
       5
       5
       3
       4
       3
       3
       5
       6
       5
       4
       4
       2
       6
       1
       2
       4
       4
       5
       2
       3
       3
       2
       7
       5
       5
       5
       2
       6
       5
       1
       5
       4
       5
       5
       4
       4
       5
       3
       4
       3
       2
       3
       3
       6
       2
       3
       6
       1
       5
       5
       4
       4
       7
       7
       1
       1
       3
       4
       2
       3
       2
       2
       5
       4
       4
       5
       3
       1
       5
       2
       1
       4
       3
       4
       6
       1
       4
       5
       3
       6
       1
       5
       4
       6
       4
       3
       1
       3
       5
       8
       2
       9
       6
       7
       4
       9
       4
       4
       5
       8
       4
       2
       7
       3
       4
       3
       5
       6
       4
       3
       4
       4
       3
       3
       2
       5
       4
       2
       1
       3
       5
       2
       6
       2
       6
       9
       1
       2
       5
       5
       6
      10
       5
       6
       6
       2
       3
       5
       3
       6
       2
       6
       3
       2
       4
       2
       8
       5
       3
       2
       6
       3
       4
       3
       5
       6
       4
       6
       3
       2
       3
       2
       5
       4
       7
       1
       9
       4
       4
       3
       5
       3
       2
       3
       4
       6
       1
      11
       2
       3
       3
       5
       6
       2
       8
       1
       4
       4
       1
       6
       3
       3
       4
       4
       2
       2
       9
       5
       7
       4
       4
       5
       2
       3
       5
       3
       6
       6
       7
       5
       7
       4
       6
       4
       4
       4
       3
       0
       4
       3
       2
       2
       4
       7
       3
       5
       2
       5
       4
       5
       8
       3
       3
       3
       6
       5
       5
       4
       5
       3
       5
       1
       2
       5
       6
       6
       2
       4
       4
       2
       6
       4
       0
       4
       4
       1
       5
       5
       4
       6
       7
       1
       7
       3
       8
       4
      12
       6
       2
       3
       5
       3
       0
       5
       3
       6
       6
       1
       6
       2
       3
       5
       7
       2
       4
       5
       2
       4
       5
       4
       6
       8
       2
       1
       3
       6
       3
       4
       3
       3
       7
       6
       6
       1
       4
       5
       3
       4
       6
       5
       3
       2
       3
       5
       1
       2
       4
       6
       7
       2
       4
       3
       3
       8
       6
       5
       7
       7
       8
       6
       8
       5
       4
       5
       7
       6
       5
       3
       3
       3
       4
       2
       2
       5
       3
       4
       4
       7
       1
       3
       6
       2
       4
       2
       5
       4
      10
       5
       5
       3
       3
       5
       3
       5
       5
       5
       9
       4
       9
       5
       4
       8
       2
       2
       3
       8
       5
       6
       9
       2
       6
       8
       7
       0
       6
       0
       4
       1
       6
       5
       8
       4
       5
       3
       5
       7
       6
       3
       6
      10
       8
       7
       6
       5
      11
       5
       6
       8
       5
       7
       3
      12
       4
       9
       3
       9
       6
      12
       6
       7
       7
       7
       6
       9
       9
       9
       5
       7
       5
       7
      12
       2
      11
      12
       6
       4
       9
       6
       5
       2
       1
       6
       7
       8
      10
       8
      11
      11
      12
       7
      10
       6
       9
       7
       3
       8
       6
       8
       9
      10
       9
       9
       8
       7
       8
      11
      10
       7
       7
       9
       8
       7
       7
       7
      11
      10
      10
      10
      11
      12
       8
      12
       9
      11
      12
      10
       5
      14
      10
      11
      17
       9
      18
      14
      11
      13
      14
      19
      19
      10
      12
       6
       9
      14
      14
      14
       9
      12
      16
      12
      17
      14
      15
      16
      10
      14
      19
      18
      15
      18
      11
      13
      23
      18
      11
      15
      23
      13
      21
      25
      20
      22
      10
      25
      20
      27
      23
      16
      22
      21
      22
      25
      19
      20
      24
      29
      25
      22
      20
      28
      30
      29
      24
      25
      36
      31
      24
      20
      26
      33
      28
      31
      34
      28
      30
      30
      31
      23
      24
      16
      25
      27
      34
      30
      31
      31
      34
      32
      37
      23
      32
      31
      25
      30
      35
      27
      34
      22
      33
      22
      27
      35
      29
      29
      26
      28
      25
      36
      26
      22
      34
      27
      28
      28
      27
      22
      27
      26
      20
      28
      25
      23
      16
      19
      22
      26
      18
      23
      16
      22
      20
      28
      21
      29
      17
      23
      26
      16
      11
      19
      14
      15
      21
      17
      25
      15
      10
      18
      18
      16
      13
      17
      12
      14
      16
      12
       9
      15
       5
      16
      16
      15
      11
      17
       8
       9
      20
      16
      17
      11
       8
      16
      14
       9
      13
      14
      12
      10
       6
      10
      13
       9
       5
       9
      11
       8
       8
       7
       7
      12
      12
       7
       4
      12
      10
       7
      10
       9
       5
       2
       2
       9
       3
       8
       8
       9
       7
       6
      11
       3
       7
       5
      10
      12
       8
       5
       2
       4
       4
       3
       9
       4
       5
      10
       5
      10
       8
       3
       3
       8
       7
       2
       4
      11
       5
       3
       5
       4
       3
       4
       5
       4
       4
       2
       4
       5
       2
       2
       4
       3
       6
       3
       4
       5
       3
       7
       4
       2
       1
       4
       6
       2
       1
       6
       4
       4
       2
       3
       3
       3
       6
       2
       4
       2
       3
       7
       4
       5
       4
       3
       2
       2
       9
       4
       3
       1
       3
       4
       4
       5
       4
       4
       2
       9
       1
       5
       4
       5
       4
       4
       3
       2
       2
       1
       2
       2
       2
       1
       1
       3
       0
       2
       5
       3
       3
       4
       3
       0
       1
       1
       2
       4
       0
       1
       0
       5
       0
       0
       1
       1
       0
       1
       4
       3
       1
       3
       1
       3
       1
       1
       1
       3
       0
       1
       1
       4
       1
       4
       2
       1
       0
       1
       2
       1
       1
       0
       1
       4
       0
       1
       0
       3
       2
       2
       2
       2
       0
       3
       1
       1
       1
       0
       2
       2
       0
       1
       0
       1
       4
       1
       0
       2
       2
       2
       1
       1
       2
       1
       1
       1
       1
       0
       1
       0
       3
       2
       1
       3
       0
       1
       0
       0
       2
       1
       0
       0
       0
       1
       1
       1
       0
       1
       1
       1
       2
       0
       2
       0
       0
       1
       1
       1
       0
       0
       1
       2
       0
       1
       1
       1
       0
       2
       1
       2
       1
       0
       0
       1
       0
       3
       1
       1
       0
       2
       0
       0
       1
       2
       2
       0
       0
       0
       4
       2
       2
       1
       0
       1
       1
       0
       1
       0
       1
       0
       1
       0
       1
       0
       1
       1
       4
       2
       1
       0
       1
       1
       4
       3
       0
       5
       2
       1
       0
       2
       3
       0
       1
       2
       0
       2
       2
       1
       0
       0
       0
       1
       1
       2
       0
       2
       0
       1
       1
       1
       1
       1
       0
       0
       0
       1
       0
       1
       1
       3
       0
       0
       0
       3
       2
       0
       0
       2
       1
       3
       2
       1
       2
       3
       2
       4
       2
       2
       2
       1
       3
       2
       2
       4
       5
       2
       1
       1
       2
       2
       4
       4
       7
       2
       4
       1
       4
       5
       4
       1
       3
       4
       6
       6
       1
       6
       6
       6
       7
       3
       6
       5
       5
       2
       4
       4
       3
       5
       3
       4
      11
       7
       7
       3
       7
       3
       3
       2
       4
       9
       2
       6
       4
       9
       1
       4
       6
       9
       3
       7
       8
       5
       4
       8
       5
       4
       8
       7
       6
       8
       6
       6
       9
       7
       6
       4
       9
       5
       9
       7
       5
       3
      11
      10
       8
       6
       6
       6
       9
      11
      12
      10
       6
      15
       9
      12
      17
      13
      11
      14
       9
      15
      10
      11
      10
      12
      12
      16
       7
      14
      12
       7
      11
      14
       7
      13
       7
      10
       7
      12
       9
      10
      13
      13
      13
      10
       8
      14
       9
      20
      11
      10
      13
       6
      10
       8
      10
       6
      11
       9
       9
       4
      10
       7
       9
       8
       9
       5
       6
       8
       7
       8
       4
       7
       5
       5
       7
       2
       3
       7
       9
       5
       7
       7
       7
       2
       4
       6
       6
       5
       4
       3
       4
       5
       6
       4
       9
       3
       4
       1
       5
       4
       2
       5
       6
       2
       5
       3
       1
       2
       1
       3
       5
       5
       4
       2
       2
       1
       4
       1
       2
       1
       1
       2
       3
       1
       2
       2
       1
       2
       0
       0
       1
       1
       3
       2
       0
       1
       1
       1
       0
       0
       0
       0
       2
       0
       0
       0
       0
       1
       0
       0
       0
       1
       0
       0
       1
       2
       0
       0
       2
       0
       1
       1
       1
       1
       1
       0
       0
       0
       1
       0
       0
       0
       0
       0
       0
       0
       0
       1
       0
       0
       2
       1
       1
       0
       0
       1
       0
       1
       0
       0
       0
       0
       0
       0
       0
       1
       0
       0
       1
       0
       0
       1
       0
       0
       0
       0
       0
       1
       0
       0
       0
       0
       0
       0
       0
       0
       0
       0
       0
       0
       1
       1
       0
       1
       0
       0
       0
       0
       0
       0
       0
       0
       0
       0
       1
       0
       0
       0
       1
       0
       0
       0
       0
       0
       0
       0
       0
       0
       0
       0
       1
       0
       0
       0
       1
       0
       0
       0
       0
       0
       1
       0
       1
       1
       0
       0
       0
       0
       0
       1
       1
       0
       0
       0
       0
       0
       1
       0
       0
       0
       1
       0
       0
       1
       0
       0
       0
       0
       0
       0
       1
       0
       0
       0
       0
       0
       0
       2
       0
       0
       0
       1
       0
       1
       0
       0
       0
       0
       1
       0
       0
       1
       0
       2
       0
       0
       0
       1
       0
       1
       0
       0
       0
       0
       1
       0
       0
       0
       0
       0
       1
       0
       0
       0
       0
       0
       0
       0
       0
       0
       0
       1
       1
       0
       0
       0
       0
       0
       0
       0
       0
       0
       0
       0
       0
       1
       0
       0
       0
       0
       0
       2
       0
       0
       0
       0
       0
       0
       0
       0
       0
       0
       0
       0
       0
       0
       0
       0
       0
       0
       0
       0
       0
       0
       0
       0
       0
       0
       0
       0
       0
       0
       1
       0
       0
       1
       0
       0
       0
       0
       0
       0
       0
       1
       1
       0
       0
       0
       0
       0
       0
       0
       1
       0
       0
       0
       1
       0
       0
       0
       0
       0
       1
       0
       1
       1
       0
       0
       1
       0
       0
       0
       0
       0
       1
       0
       0
       0
       0
       0
       0
       0
       1
       1
       1
       0
       0
       1
       0
       0
       0
       0
       0
       0
       1
       1
       1
       0
       0
       0
       0
       0
       0
       0
       1
       0
       0
       1
       0
       0
       0
       0
       0
       1
       0
       0
       0
       0
       0
       0
       0
       0
       0
       0
       0
       0
       0
       0
       0
       0
       0
       0
       0
       0
       0
       0
       0
       0
       0
       0
       0
       0
       0
       0
       0
       0
       0
       0
       0
       0
       0
       0
       0
       0
       0
       0
       0
       0
       0
       0
       0
       0
       0
       0
       0
       0
       0
       0
       0
       0
       0
       0
       0
$ROI:
0
$PRESETS:
None
0
0
$ENER_FIT:
0.000000 0.436379
$MCA_CAL:
3
0.000000E+000 4.363792E-001 0.000000E+000 keV
$SHAPE_CAL:
3
0.000000E+000 0.000000E+000 0.000000E+000
