$SPEC_ID:
Recoil
$SPEC_REM:
DET# 3
DETDESC# JLAB-11 MCB 134
AP# Maestro Version 7.01
$DATE_MEA:
10/31/2022 15:39:31
$MEAS_TIM:
1513 1625
$DATA:
0 2047
       0
       0
       0
       0
       0
       0
       0
       0
       0
       0
       0
       0
       0
       0
       0
       0
       0
       0
       0
       0
       0
       0
       0
       0
       0
       0
       0
       0
       0
       0
       0
       0
       0
       0
       0
       0
       0
       0
       0
       0
       0
       0
       0
       0
       0
       0
       0
       0
       0
       0
       0
       0
       0
       0
       0
       0
       0
       0
       0
       0
       0
       0
       0
       0
       0
       1
       0
       0
       0
       0
       0
       1
       0
       1
       1
       0
       0
       1
       1
       1
       1
       2
       1
       1
       0
       0
       2
       2
       0
       1
       1
       2
       0
       0
       0
       0
       1
       1
       0
       0
       0
       0
       2
       0
       3
       0
       1
       2
       1
       2
       0
       1
       2
       2
       0
       2
       3
       0
       3
       0
       0
       0
       0
       3
       3
       3
       1
       2
       3
       2
       2
       2
       2
       2
       4
       0
       1
       4
       1
       1
       0
       2
       0
       1
       0
       1
       2
       1
       2
       2
       3
       7
       2
       3
       3
       6
       0
       2
       1
       0
       1
       1
       2
       3
       2
       3
       1
       3
       1
       1
       5
       2
       4
       1
       1
       3
       1
       3
       1
       3
       1
       3
       1
       1
       0
       3
       3
       3
       5
       4
       8
       1
       2
       3
       3
       4
       4
       3
       4
       6
       3
       6
       2
       5
       1
       2
       5
       3
       3
       5
       4
       4
       3
       3
       0
       1
       1
       3
       0
       7
       3
       3
       4
       2
       2
       3
       1
       4
       2
       3
       3
       3
       4
       4
       1
       3
       4
       5
       4
       1
       1
       4
       3
       3
       2
       4
       6
       3
       1
       1
       2
       8
       3
       1
       5
       3
       0
       4
       3
       2
       3
       2
       6
       4
       5
       6
       1
       5
       1
       2
       4
       0
       6
       3
       8
       3
       8
       7
       5
       7
       3
       2
       1
       2
       6
       4
       5
       9
       2
       5
       0
       2
       4
       1
       4
       5
       2
       3
       7
       2
       3
       4
       4
       3
       3
       4
       5
       4
       5
       3
       5
       4
       1
       4
       4
       3
       6
       2
       5
       7
       8
       5
       4
       4
       4
       6
       6
       8
       2
       3
       4
       0
       3
       3
       5
       5
       3
       4
       1
       1
       4
       9
       7
       5
       4
       2
       5
       6
       9
       4
       4
       7
       9
       3
       2
      11
       9
       1
       8
       7
       5
       4
       8
       6
       8
       3
       3
      10
      12
       6
       8
       5
       9
       5
       7
       6
       6
       4
       6
       4
       9
       5
       3
       8
       5
       6
       2
       7
      15
       7
       6
       6
      10
      11
       3
       6
       8
       5
       7
       3
       4
       3
       8
       7
      11
       5
       6
       7
      13
       8
      10
       4
       9
       2
       5
       5
       5
       5
      10
       8
       9
       4
      10
      13
       6
       9
       9
       9
       9
      11
       9
       9
       2
       5
      11
       8
       5
      13
       4
       6
       8
      13
       7
       7
       9
      14
       9
      10
       8
      10
       8
       7
       8
      12
      13
      12
       6
      16
       9
      12
       6
      10
      14
       8
      10
      17
      16
      15
      13
       6
       8
      16
      10
      10
      12
       9
      17
       7
      20
      14
       9
      13
      16
      19
      13
      13
      15
      10
      12
      12
      11
      13
      16
      18
       6
      17
      16
      15
      12
      16
      20
      14
      11
      12
      17
      20
      16
      24
      17
      12
      23
      10
      12
      15
      16
      21
      18
      16
      11
      23
      11
      19
      18
      15
      13
      18
       9
      17
      20
      17
      21
      19
      13
      19
      27
      16
      21
      20
      15
      19
      14
      18
      23
      19
      19
      22
      15
      16
      17
      14
      22
      18
      24
      28
      20
      26
      23
      16
      26
      16
      25
      33
      22
      15
      21
      21
      23
      29
      22
      30
      26
      20
      36
      24
      19
      25
      28
      24
      29
      30
      21
      23
      30
      26
      40
      37
      31
      21
      20
      29
      32
      24
      24
      26
      34
      24
      35
      31
      32
      43
      25
      37
      29
      37
      24
      33
      21
      38
      23
      26
      34
      38
      35
      38
      32
      33
      43
      30
      33
      37
      37
      48
      32
      37
      40
      33
      35
      46
      43
      40
      50
      45
      41
      31
      40
      31
      37
      34
      32
      42
      32
      36
      32
      32
      29
      32
      38
      32
      38
      38
      28
      37
      31
      36
      34
      26
      32
      32
      23
      25
      41
      25
      35
      43
      26
      24
      31
      29
      31
      34
      30
      36
      28
      38
      29
      25
      38
      29
      29
      30
      34
      25
      24
      31
      26
      28
      26
      29
      17
      20
      24
      23
      27
      27
      28
      22
      27
      24
      28
      25
      14
      26
      25
      17
      25
      22
      24
      26
      27
      22
      27
      23
      16
      21
      23
      20
      20
      17
      14
      19
      28
      22
      15
      15
      18
      24
      22
      13
      15
      14
      18
      15
      19
      15
      19
      16
      14
      16
      19
      20
      17
      16
      17
      17
      29
      17
      10
      20
      17
      15
      22
      12
      11
      11
      17
      14
      13
      16
      12
      15
      18
      11
      12
      10
      20
      12
      18
      10
      17
      14
       8
      15
       9
      18
      16
      19
       8
       7
       7
       7
      11
      13
      17
      13
      13
       9
      13
      12
      10
       9
      11
      14
      10
      12
      11
      12
      15
       9
      14
      12
      10
      10
      16
      10
      15
      12
       8
      11
       9
      14
      10
      10
       8
      10
      11
      17
       5
      11
       7
       8
      12
      13
      13
      11
       9
      10
      15
      10
       9
      12
      14
      12
       9
       8
      10
       9
       7
      17
       7
      11
      11
      12
      11
       9
      15
       7
       9
      16
      15
      11
       8
       8
       9
      10
      15
      10
       8
      11
       9
      12
      14
       5
      12
      13
      10
      12
      10
       8
      11
      11
      10
      14
       8
      13
      16
      12
      10
       9
      13
      13
       3
       6
      12
      11
       7
      11
       8
       8
       6
       8
      16
       2
      11
       5
       8
      10
      16
       7
       8
       8
      13
       9
       8
      11
       8
       5
      12
       5
      13
       8
       7
      11
       5
      13
      11
      10
      10
      11
      12
       9
       8
      11
      13
       8
      15
      10
      10
       9
      15
       7
      11
       8
      12
       7
      11
      12
       4
       7
       4
       7
      12
      11
      11
       7
       5
      11
      16
      11
      11
       9
       5
       7
       8
      11
       5
       9
       8
      10
       7
      15
       6
       7
       8
       6
       8
      12
      10
       6
       7
       5
       6
       8
       3
      10
       9
      10
      11
      12
       7
       5
      10
      10
       6
       9
       4
      16
       4
      14
       3
      10
      10
       7
      12
      11
       5
       8
      12
       8
      12
      11
       7
       8
       5
      11
       8
       6
       9
       4
      10
      11
       7
      10
      11
      12
      11
       6
       9
      11
      14
       9
      10
       0
       2
       9
       7
       4
       7
       8
       5
      11
       8
       9
      10
      11
       8
      12
       7
      10
      10
       6
       5
       7
       8
      10
      10
       7
       5
      15
       8
       9
       4
       6
       7
       4
       8
       7
       4
       9
       7
       7
       7
      10
       3
      13
       3
      12
       3
       7
       7
       8
       4
       4
       7
      10
       4
       9
       4
       6
       3
       5
       8
      10
       8
       6
       8
       2
       5
       9
       6
       6
       8
       4
       6
       6
       6
       6
      10
       3
       2
       7
       6
       2
       4
       5
       3
       8
       6
       4
       5
       5
       4
       3
       4
       8
       1
       2
       5
       8
       3
       6
       4
       5
       3
       8
       4
       5
       5
       3
       9
       3
       9
       4
       4
       1
       3
       5
       4
       2
       1
       2
       3
       1
       2
       2
       1
       5
       1
       3
       3
       1
       2
       7
       3
       4
       4
       3
       1
       4
       1
       4
       5
       1
       4
       3
       6
       6
       3
       1
       7
       4
       2
       1
       5
       1
       0
       2
       6
       3
       3
       2
       1
       3
       3
       3
       2
       7
       4
       4
       3
       1
       2
       6
       3
       3
       2
       3
       5
       4
       1
       1
       2
       1
       2
       2
       1
       1
       3
       6
       4
       1
       1
       2
       6
       0
       5
       1
       1
       1
       5
       2
       1
       1
       1
       1
       1
       1
       1
       4
       1
       2
       2
       1
       2
       2
       4
       1
       2
       1
       2
       1
       7
       3
       0
       1
       5
       2
       0
       2
       2
       3
       5
       2
       4
       4
       2
       2
       1
       3
       3
       2
       1
       0
       3
       3
       0
       2
       1
       0
       0
       1
       1
       2
       2
       4
       2
       2
       0
       3
       0
       3
       1
       2
       2
       0
       0
       1
       3
       0
       0
       3
       1
       2
       1
       0
       2
       3
       4
       0
       2
       1
       1
       1
       0
       1
       2
       2
       1
       4
       2
       1
       0
       1
       0
       1
       0
       0
       3
       1
       2
       1
       1
       1
       5
       0
       2
       1
       3
       2
       0
       3
       0
       1
       1
       1
       1
       0
       0
       2
       1
       1
       1
       2
       0
       0
       1
       0
       2
       1
       3
       0
       2
       1
       2
       1
       3
       2
       0
       0
       1
       0
       1
       0
       0
       0
       0
       2
       0
       0
       2
       0
       0
       2
       2
       2
       0
       1
       1
       3
       4
       2
       2
       1
       1
       3
       2
       3
       0
       2
       3
       1
       4
       1
       0
       2
       3
       3
       2
       1
       2
       3
       1
       2
       1
       0
       3
       0
       0
       1
       0
       0
       3
       1
       2
       3
       2
       3
       3
       2
       2
       4
       2
       2
       3
       0
       0
       5
       2
       5
       3
       2
       1
       4
       2
       6
       5
       5
       3
       5
       3
       3
       7
       7
       4
       6
       1
       4
       2
       6
       4
       5
       4
       8
       3
       5
       4
       1
       3
       3
       2
       7
       4
       4
       1
       3
       6
       4
       2
       8
       6
       9
       9
       4
       6
       6
       9
       6
       3
       5
      10
       9
       7
       7
       7
       4
      10
       9
       7
       7
       7
      10
       9
       5
       9
       8
       7
      10
       7
      13
      12
      11
      12
       6
       7
       5
      12
       7
      16
       9
      15
      18
      12
      18
      10
      12
       6
      13
      12
       9
      12
       9
      12
      17
      11
      10
      16
       7
      22
       9
      15
      17
      14
      12
      17
      23
      20
      10
      17
       8
      19
      19
      14
      18
      13
      15
      11
      13
      11
      17
      13
      12
      16
      17
      15
      11
      19
      13
       9
      11
      15
       9
      16
      12
      14
      10
      15
      19
      20
      11
      10
      11
      13
      11
      11
      12
      14
      11
      10
      12
       9
       9
      16
      13
       7
       5
       7
       8
      12
       5
       5
       4
       6
       8
       6
       3
       3
       8
      11
       7
       5
       5
       4
      10
       9
       4
       7
      11
       7
       8
       4
       2
       5
       3
       3
       6
       2
       4
       6
       3
       3
       6
       1
       4
       3
       5
       5
       4
       0
       2
       5
       2
       2
       7
       3
       2
       3
       1
       3
       1
       0
       5
       2
       1
       0
       2
       1
       2
       3
       0
       2
       0
       3
       1
       1
       2
       3
       0
       0
       1
       0
       1
       1
       1
       0
       1
       1
       0
       0
       0
       1
       5
       1
       0
       3
       1
       1
       4
       1
       0
       0
       1
       0
       0
       0
       1
       0
       0
       1
       1
       0
       0
       0
       0
       0
       0
       1
       1
       0
       0
       0
       0
       1
       0
       1
       0
       1
       1
       0
       0
       0
       0
       0
       0
       0
       1
       0
       0
       0
       0
       0
       1
       1
       0
       0
       0
       0
       0
       2
       1
       0
       2
       2
       0
       0
       1
       0
       0
       1
       0
       0
       0
       2
       0
       0
       0
       1
       2
       0
       0
       0
       2
       0
       1
       0
       0
       0
       1
       1
       0
       0
       0
       0
       0
       1
       0
       0
       0
       0
       0
       0
       0
       0
       1
       0
       1
       0
       1
       1
       0
       1
       0
       1
       1
       0
       0
       1
       3
       0
       1
       0
       1
       1
       0
       0
       1
       0
       1
       2
       0
       0
       1
       2
       0
       2
       0
       1
       0
       0
       0
       0
       0
       1
       1
       2
       0
       0
       1
       0
       0
       0
       0
       0
       0
       0
       0
       1
       0
       0
       1
       0
       2
       0
       1
       1
       0
       0
       0
       1
       0
       0
       0
       0
       0
       0
       1
       2
       0
       0
       1
       0
       1
       1
       0
       0
       1
       0
       0
       0
       0
       0
       1
       0
       0
       1
       1
       1
       0
       1
       0
       1
       1
       1
       0
       0
       1
       0
       0
       0
       1
       0
       0
       0
       0
       0
       2
       1
       0
       0
       0
       0
       0
       0
       0
       0
       1
       2
       0
       0
       2
       0
       2
       0
       0
       0
       0
       0
       0
       1
       1
       0
       0
       0
       1
       0
       1
       0
       0
       0
       0
       0
       0
       0
       0
       1
       0
       1
       0
       0
       1
       0
       2
       1
       1
       1
       2
       0
       0
       0
       2
       0
       0
       0
       0
       2
       0
       0
       0
       0
       1
       0
       2
       0
       0
       1
       0
       1
       1
       0
       1
       0
       0
       0
       0
       0
       0
       1
       1
       0
       0
       0
       0
       0
       0
       0
       0
       2
       0
       0
       4
       1
       2
       0
       0
       2
       0
       0
       0
       0
       0
       2
       0
       0
       0
       0
       0
       0
       0
       0
       0
       0
       1
       1
       1
       0
       0
       0
       0
       0
       1
       0
       1
       0
       1
       1
       0
       3
       2
       0
       0
       0
       0
       0
       0
       0
       0
       0
       0
       0
       0
       0
       0
       0
       0
       0
       0
       0
       0
       0
       0
       0
       0
       0
       0
       0
       0
       0
       0
       0
       0
$ROI:
0
$PRESETS:
None
0
0
$ENER_FIT:
0.000000 0.436379
$MCA_CAL:
3
0.000000E+000 4.363792E-001 0.000000E+000 keV
$SHAPE_CAL:
3
0.000000E+000 0.000000E+000 0.000000E+000
