$SPEC_ID:
Scatter
$SPEC_REM:
DET# 2
DETDESC# JLAB-11 MCB 133
AP# Maestro Version 7.01
$DATE_MEA:
10/31/2022 15:39:35
$MEAS_TIM:
1618 1625
$DATA:
0 2047
       0
       0
       0
       0
       0
       0
       0
       0
       0
       0
       0
       0
       0
       0
       0
       0
       0
       0
       0
       0
       0
       0
       0
       0
       0
       0
       0
       0
       0
       0
       0
       0
       0
       0
       0
       0
       0
       0
       0
       0
       0
       0
       0
       0
       0
       0
       0
       0
       0
       0
       0
       0
       0
       0
       0
       0
       0
       4
      11
       7
       7
       6
      11
       8
      13
       5
      12
      12
       7
      12
      13
      13
       7
       9
      10
      11
      17
       9
      13
       7
       7
      11
       8
      10
      10
      11
       5
       6
       7
      13
       8
      13
      12
      14
       9
       7
       6
       8
       8
      17
       9
      12
       8
       9
      10
       8
       9
      12
       8
      16
       8
       8
      13
      11
      12
      16
      15
      11
      13
      11
       9
       9
       8
       9
      14
       8
      12
       8
      12
       7
      12
       9
       6
       5
       8
       4
      15
      13
       7
      15
      16
       3
       5
      11
      14
       8
      12
      15
       8
      12
       9
      14
      12
      15
      11
       8
      11
      10
       9
       8
      11
      11
      12
      10
       9
      14
       9
      11
       9
      15
       8
      11
      13
      17
      14
       7
      14
      13
      13
      18
      15
      22
      16
      19
      18
      20
      18
      20
      13
      23
      25
      27
      17
      29
      27
      30
      19
      36
      27
      24
      21
      21
      17
      40
      18
      24
      25
      30
      24
      32
      28
      21
      23
      14
      19
      12
      23
      14
      15
      26
      27
      24
      26
      16
      17
      21
      20
      19
      14
      26
      24
      18
      14
      13
      23
      16
      18
      16
      19
      16
      16
      15
      14
      19
      14
      19
      17
      16
      15
      13
       7
      19
      14
      19
      18
      17
      17
      19
      24
      18
      10
      17
      11
      17
      15
       9
      17
      12
      21
      19
      17
      16
      16
      14
      13
      15
      16
      16
      17
      16
      22
      21
      21
      16
      17
      15
      18
      20
      10
      12
      22
      18
      15
      15
      25
      13
      19
      21
      21
      20
       5
      19
      15
      29
      18
      21
      15
      14
      16
      17
      19
      18
      23
      21
      16
      16
      13
      15
      18
      15
      27
      18
      14
      11
      15
      27
      23
      22
      16
      16
      15
      14
      14
      14
      18
      20
      14
      24
      19
      17
      14
      19
      12
      19
      22
      15
      20
      15
      21
      18
      21
      27
      15
      22
      24
      16
      22
      18
      11
      13
      11
      18
      19
      18
      17
      18
      22
      17
      24
      19
      26
      22
      24
      15
      22
      10
      29
      17
      13
      17
      15
      19
      21
      25
      18
      22
      25
      13
      16
      18
      21
      16
      16
      16
      22
      14
      18
      24
      17
      31
      20
      20
      24
      18
      29
      19
      21
      17
      19
      26
      21
      26
      16
      22
      14
      23
      16
      25
      21
      20
      13
      18
      22
      24
      11
      16
      20
      23
      20
      20
      19
      18
      19
      17
      29
      28
      20
      18
      18
      25
      15
      20
      20
      18
      17
      12
      16
      18
      25
      20
      19
      21
      16
      18
      15
      29
      17
      12
      18
      19
      17
      19
       9
      19
      23
      26
      17
      14
      14
      11
      19
      12
      18
      19
      14
      22
      25
      17
      17
      21
      12
      16
      25
      15
      23
      10
      20
      23
      22
      14
      14
      22
      19
      13
      16
      18
      14
      22
      19
      18
      16
      16
      17
      17
      20
      11
      12
      14
      19
      13
      14
      12
      18
      11
      16
      21
      11
      14
      12
      13
      12
      15
      17
      14
      12
      14
      14
      26
      14
      17
      14
      15
      18
      15
      21
      10
      11
      17
      13
      12
      12
      16
      16
      14
      15
      12
      16
      17
      11
      21
      18
      10
      13
      12
      18
       9
      16
      15
      10
      10
      24
      14
       7
      26
      20
      13
       9
      14
      14
      14
      16
      15
      15
      12
      12
      11
      17
      13
      15
      13
      13
      13
      18
      13
       9
      10
      14
      23
      16
      14
      11
      11
      14
      13
      13
      14
      20
      12
      15
      14
      19
      19
      17
      13
      11
      10
       7
      21
       8
      16
      13
      12
      14
      15
       8
      14
      13
      16
      15
      16
      10
      20
      16
      16
      12
      12
       6
      15
      10
      12
       9
      14
       9
       7
      16
      13
      13
       8
      11
       9
      10
      13
      18
      12
      15
      13
      12
       8
      13
      19
      14
       8
      11
       8
      17
       8
      11
      15
       5
      11
       7
      11
       7
       8
      15
      11
      12
       8
       6
       9
      10
      12
      11
      11
       4
      10
      10
       9
      11
      15
      11
      10
       8
       6
       8
      12
      10
      14
       9
       8
       9
      15
       9
      14
      13
      10
      10
      10
      10
      10
      14
       8
       8
      12
       9
       6
      16
       4
       9
      10
       5
       4
      10
      13
       7
       6
      10
      13
       6
      11
       8
      12
      10
       8
      16
       7
       3
      15
      14
      11
       6
       4
      11
      11
      14
       8
       6
       6
      10
      13
       8
      12
      12
       6
       6
      11
       6
      10
       7
       9
      12
      12
      10
      11
      10
       6
      13
       8
      12
       7
       7
      11
       9
       5
       6
      10
       3
      12
       8
       7
       8
       9
       6
       9
       5
      12
       6
      10
      11
       9
       6
       4
       7
       8
      14
       8
       9
      10
      12
       5
       7
       9
       9
      11
       6
       6
      11
       9
       4
      11
       7
      10
      10
      13
      12
       6
      10
       5
      14
       7
       6
       5
       8
       7
       6
      11
       8
      12
      12
      16
       8
       7
       6
       9
       8
       7
       8
      13
       9
       7
       9
       6
       7
       8
      11
       9
      10
       7
      16
       6
      11
       9
       9
      15
      16
       6
       2
      13
       9
       8
      21
       7
       7
       7
       5
       8
       7
      11
      11
       7
       7
      10
       8
      10
       9
       7
       6
      18
      14
       9
      17
      15
      12
      11
      12
       7
      12
       8
      16
      14
       7
      13
       5
       8
       8
       7
      14
      19
      17
      10
       9
       9
      12
      12
      16
      20
      16
      11
      16
      17
      15
      19
      11
      14
      18
      18
      18
      15
      14
      15
      20
      16
      17
      11
      17
      12
      11
      18
      13
      17
      18
      13
       5
      17
      14
      15
      21
      23
      11
      17
      17
      15
      10
      10
      15
      22
      20
      20
      16
      24
      21
      22
      22
      23
      19
      20
      15
      16
      21
      18
      23
      20
      15
      20
      20
      13
      21
      24
      15
      22
      22
      17
      15
      28
      21
      20
      23
      20
      21
      27
      14
      25
      18
      21
      18
      18
      17
      23
      26
      16
      17
      19
      18
      15
      24
      20
      16
      12
      21
      14
      12
      18
      17
      21
      24
       9
      13
      15
      12
      14
      20
      24
      19
      23
      23
      19
      18
      14
      20
       6
      21
      16
       6
      12
      17
      14
      12
      17
      19
      18
      11
      10
      16
      17
      10
       7
      15
      10
      19
      10
      13
      10
      11
       8
      10
       5
      13
       6
      12
      12
       9
       7
       9
      13
      12
       7
       5
       4
       7
       5
       7
       9
      12
       8
       6
      10
       5
       6
       7
       7
       6
       7
       5
       2
       6
       4
       6
       7
       5
       4
       4
       9
       7
       4
       2
       5
       2
       5
       8
       5
       3
       7
       3
       3
       2
       7
       4
       2
       4
       6
       2
       3
       8
       5
       2
       2
       2
       4
       2
       2
       3
       4
       3
       2
       1
       2
       1
       0
       1
       2
       2
       1
       1
       4
       3
       3
       4
       2
       3
       1
       1
       1
       5
       2
       3
       2
       3
       2
       2
       1
       2
       2
       0
       1
       1
       0
       2
       2
       4
       0
       2
       3
       2
       1
       1
       3
       3
       0
       0
       0
       0
       1
       1
       0
       1
       2
       3
       1
       1
       2
       0
       2
       0
       2
       3
       1
       0
       2
       1
       5
       2
       2
       1
       0
       3
       3
       3
       1
       5
       6
       2
       1
       1
       0
       1
       1
       4
       8
       4
       1
       3
       0
       1
       1
       3
       2
       1
       2
       1
       1
       3
       2
       2
       2
       3
       0
       4
       3
       4
       3
       3
       4
       2
       5
       3
       4
       1
       3
       3
       0
       3
       2
       2
       3
       5
       2
       3
       1
       5
       1
       4
       1
       2
       1
       1
       2
       2
       3
       2
       3
       1
       3
       4
       3
       0
       0
       0
       2
       3
       1
       2
       3
       4
       4
       2
       3
       3
       3
       1
       7
       2
       1
       2
       0
       3
       4
       2
       3
       0
       0
       4
       4
       3
       3
       3
       1
       3
       4
       1
       2
       2
       2
       3
       2
       1
       4
       0
       1
       1
       2
       1
       3
       2
       3
       1
       3
       2
       3
       2
       0
       2
       1
       1
       0
       3
       1
       0
       0
       2
       0
       1
       2
       2
       1
       0
       1
       1
       2
       1
       0
       4
       1
       2
       2
       0
       2
       0
       2
       1
       0
       1
       1
       0
       0
       1
       1
       0
       2
       2
       3
       0
       1
       2
       0
       0
       1
       0
       0
       0
       1
       2
       2
       0
       1
       1
       2
       1
       2
       2
       2
       1
       0
       0
       2
       3
       0
       1
       2
       3
       1
       0
       0
       1
       3
       3
       1
       2
       0
       0
       3
       1
       0
       0
       1
       0
       0
       0
       1
       1
       2
       1
       1
       1
       1
       0
       0
       1
       2
       1
       1
       0
       2
       0
       0
       0
       0
       1
       1
       0
       0
       0
       0
       1
       1
       0
       2
       0
       0
       3
       2
       0
       1
       1
       1
       2
       3
       0
       1
       1
       0
       0
       1
       1
       1
       1
       0
       0
       0
       2
       1
       1
       1
       0
       1
       1
       1
       0
       1
       0
       1
       0
       2
       0
       0
       0
       1
       0
       2
       1
       1
       0
       0
       0
       0
       1
       2
       3
       0
       0
       0
       1
       1
       1
       0
       2
       0
       4
       1
       0
       2
       1
       0
       1
       2
       2
       0
       0
       0
       0
       1
       0
       1
       2
       1
       1
       2
       0
       0
       0
       0
       1
       1
       2
       0
       0
       0
       1
       2
       0
       0
       2
       0
       2
       2
       0
       0
       1
       1
       1
       0
       1
       0
       0
       0
       1
       1
       0
       0
       1
       0
       0
       1
       1
       1
       1
       1
       0
       1
       1
       1
       1
       1
       2
       1
       1
       0
       1
       2
       1
       0
       4
       0
       3
       1
       3
       1
       0
       1
       1
       0
       1
       1
       0
       0
       2
       0
       2
       0
       0
       1
       0
       4
       0
       0
       1
       0
       1
       1
       0
       1
       1
       2
       3
       0
       1
       1
       0
       4
       1
       2
       1
       0
       1
       2
       1
       2
       1
       3
       0
       2
       0
       1
       1
       0
       2
       4
       2
       0
       2
       0
       0
       0
       2
       1
       2
       1
       2
       1
       0
       1
       0
       1
       0
       1
       1
       0
       1
       1
       3
       0
       4
       2
       0
       0
       0
       0
       0
       1
       0
       1
       1
       1
       0
       2
       3
       2
       0
       1
       0
       0
       0
       3
       1
       2
       0
       1
       0
       0
       1
       0
       4
       0
       0
       0
       0
       0
       1
       1
       0
       0
       0
       1
       0
       1
       1
       0
       0
       0
       2
       1
       0
       0
       2
       0
       0
       0
       0
       0
       1
       0
       1
       0
       2
       1
       0
       1
       1
       0
       0
       0
       1
       2
       1
       2
       0
       1
       0
       0
       0
       0
       2
       0
       0
       0
       0
       0
       0
       0
       0
       2
       2
       0
       0
       1
       0
       0
       1
       2
       0
       0
       0
       0
       0
       0
       2
       0
       1
       1
       0
       0
       0
       1
       0
       0
       0
       1
       0
       0
       1
       0
       1
       0
       0
       0
       0
       0
       1
       0
       0
       0
       0
       0
       0
       1
       0
       2
       2
       0
       0
       1
       1
       0
       1
       2
       0
       1
       0
       0
       0
       0
       0
       1
       2
       0
       1
       0
       0
       1
       0
       0
       0
       0
       1
       0
       1
       0
       0
       0
       0
       0
       0
       0
       0
       1
       0
       0
       2
       0
       0
       1
       0
       2
       0
       0
       1
       1
       1
       0
       0
       0
       2
       0
       0
       0
       1
       0
       0
       0
       0
       0
       0
       0
       0
       0
       0
       0
       0
       1
       0
       0
       1
       0
       0
       0
       0
       0
       0
       1
       2
       0
       0
       0
       0
       0
       0
       0
       0
       0
       1
       1
       0
       0
       0
       0
       0
       0
       0
       0
       0
       1
       1
       0
       0
       0
       1
       0
       0
       0
       1
       0
       1
       0
       0
       1
       0
       1
       1
       1
       0
       0
       0
       0
       1
       0
       0
       1
       0
       0
       0
       1
       1
       1
       0
       0
       2
       0
       0
       0
       0
       0
       0
       0
       0
       0
       0
       0
       0
       0
       0
       1
       0
       0
       1
       2
       0
       1
       1
       0
       0
       1
       0
       0
       0
       1
       1
       1
       0
       1
       1
       2
       0
       0
       1
       0
       1
       0
       0
       0
       0
       0
       0
       0
       0
       0
       0
       0
       2
       0
       0
       0
       0
       0
       0
       1
       0
       0
       1
       0
       0
       0
       0
       0
       0
       0
       1
       1
       0
       0
       0
       1
       0
       0
       0
       1
       0
       1
       1
       0
       0
       0
       1
       1
       1
       0
       1
       0
       2
       1
       1
       0
       0
       0
       0
       0
       1
       0
       0
       0
       0
       1
       0
       0
       0
       0
       0
       0
       0
       0
       0
       0
       0
       0
       0
       0
       0
       0
       0
       0
       0
       0
       0
       0
       0
       0
       0
       0
       0
       0
       0
       0
       0
       0
       0
       0
       0
       0
       0
       0
$ROI:
0
$PRESETS:
None
0
0
$ENER_FIT:
0.000000 0.400470
$MCA_CAL:
3
0.000000E+000 4.004702E-001 0.000000E+000 keV
$SHAPE_CAL:
3
0.000000E+000 0.000000E+000 0.000000E+000
