$SPEC_ID:
Scatter
$SPEC_REM:
DET# 2
DETDESC# JLAB-11 MCB 133
AP# Maestro Version 7.01
$DATE_MEA:
10/31/2022 16:37:30
$MEAS_TIM:
1038 1043
$DATA:
0 2047
       0
       0
       0
       0
       0
       0
       0
       0
       0
       0
       0
       0
       0
       0
       0
       0
       0
       0
       0
       0
       0
       0
       0
       0
       0
       0
       0
       0
       0
       0
       0
       0
       0
       0
       0
       0
       0
       0
       0
       0
       0
       0
       0
       0
       0
       0
       0
       0
       0
       0
       0
       0
       0
       0
       0
       0
       1
       1
       1
       3
       1
       2
       5
       2
       4
       4
       4
       4
       3
       2
       6
       2
       9
       5
       7
       9
       8
       6
       6
       9
       7
      11
       3
       7
      10
       7
       5
       7
       7
       8
       5
       4
       2
       8
       4
       3
       4
       4
       6
       6
       5
       7
       2
       0
       4
       3
       3
       2
       5
       2
       5
       0
       2
       4
       9
       5
       9
       2
       2
       5
       5
       6
       4
       6
       2
       3
       6
       8
       8
      10
       4
       8
       5
       3
       4
       5
       3
       7
       6
       8
       6
       9
       3
       5
       4
       3
       3
       5
      10
       4
       2
       8
       7
       4
       7
       6
       4
       2
      10
       7
       3
       6
       3
       8
       5
       4
       7
       5
       7
       4
       7
       6
       7
       6
       6
       8
       8
       5
       8
       5
      10
       7
       8
      11
      10
       6
      12
      11
       7
      10
       8
       8
       7
       9
      13
      12
      13
       6
      10
       8
      14
       9
      11
      13
       8
      14
      10
      12
       8
       8
       6
       7
      10
      11
      16
      11
       9
       9
       8
       9
      14
       5
       8
      13
      10
      14
      17
      12
       7
      11
      11
       7
       4
      12
      10
       6
      14
      13
       9
      15
       3
       8
       6
       6
      17
       8
       6
       6
      10
       9
      12
      15
       4
      10
       9
      13
       6
       8
       9
       9
       8
       9
      12
       6
       7
      11
       6
      16
      16
       7
       7
      12
      11
       9
       8
       8
       9
       9
      15
      12
      11
      14
       6
      13
      19
       5
       7
      12
       8
      12
      14
      11
      12
       9
      15
      14
       9
       8
      13
      20
      12
       7
      11
      15
       8
      10
      19
       9
      11
      10
      11
      16
      14
      13
      17
      14
       9
      10
      16
      11
      11
       8
      11
      13
      14
      12
       9
       9
      12
      12
      10
      10
      20
      17
      10
      10
      20
      15
       8
      13
      15
      12
      17
      14
      13
       9
       9
       6
      15
      14
       9
      23
      16
      16
      14
      18
      13
      10
      11
      14
      17
      12
      11
      16
      12
       8
      14
      15
      17
      16
      12
      15
      11
      11
      13
      21
       6
       9
      10
      13
       7
      13
      11
      13
      11
      13
      15
       7
      14
      14
      14
      13
       9
      14
      14
      13
      12
       6
      18
       9
      18
      15
      14
      10
      15
      19
      11
      18
      13
      12
      17
       9
      13
      12
      10
      12
      18
      14
       6
      13
      17
      13
       9
       9
      12
      20
      15
      12
      10
       8
       8
      14
      21
       7
       7
      10
      13
      12
      14
      12
      17
      14
      13
      12
      10
      22
      15
      10
      13
      12
      16
      23
      25
      14
      11
      10
      11
      10
      13
      13
      10
      24
      15
       9
       7
      12
       7
      10
      17
      18
      14
      11
      15
      12
      10
       9
      11
      18
      11
      20
      13
      18
      16
      11
      13
       9
      14
      10
      13
       9
       7
      12
      13
      19
      18
      14
      15
      17
      10
      15
      11
       8
      12
      21
      18
      14
      16
      18
      14
      12
      22
      20
      15
      13
      15
      15
      12
      14
      17
      12
      12
      11
      15
      12
      12
      14
      17
      12
      27
      11
      19
      27
      10
      21
      19
      22
      22
      26
      26
      24
      24
      21
      22
      29
      13
      32
      30
      25
      31
      34
      27
      28
      33
      26
      23
      27
      25
      29
      31
      28
      20
      29
      23
      32
      32
      27
      22
      32
      22
      33
      36
      31
      34
      34
      32
      43
      25
      24
      31
      26
      29
      41
      28
      32
      34
      35
      30
      36
      37
      38
      27
      23
      27
      21
      25
      33
      32
      33
      31
      31
      34
      26
      30
      29
      36
      23
      31
      21
      28
      25
      30
      26
      22
      28
      26
      27
      30
      27
      24
      28
      20
      25
      25
      19
      24
      18
      18
      14
      20
      15
      19
       9
      12
      12
      29
      13
      20
      23
      17
      16
      15
      12
      18
      14
      12
      11
      12
      13
      13
      13
       6
      15
       9
      13
      11
      12
      15
      14
      10
       9
      13
      11
      14
       9
      10
       6
      13
      11
       6
      10
       8
      10
      11
      10
      13
       8
       7
       9
       6
       8
       9
       9
      13
       1
       7
       9
       8
       6
       8
      10
      10
      11
       8
      10
       6
       4
      10
       6
       9
       7
       3
       8
       8
       4
      11
       7
       6
       4
       6
       7
       5
       3
       5
       7
       3
       5
       6
       7
       7
       6
       5
       8
       4
       5
       4
       9
       1
       3
       3
       3
       6
       6
       5
       3
       3
       2
       3
       4
       1
       4
       1
       7
       2
       6
       2
       6
       2
       6
       4
       6
       6
       4
       5
       5
       1
       5
       3
       7
       8
       4
       0
       2
       7
       2
       2
       0
       4
       2
       3
       2
       3
       5
       6
       3
       0
       3
       3
       1
       7
       1
       0
       1
       1
       2
       3
       3
       1
       4
       1
       1
       6
       3
       2
       2
       3
       2
       2
       1
       0
       4
       4
       4
       4
       6
       4
       2
       1
       2
       5
       1
       1
       4
       2
       1
       0
       3
       1
       3
       3
       3
       3
       5
       1
       2
       3
       3
       1
       4
       5
       2
       1
       1
       2
       4
       2
       4
       1
       5
       6
       1
       3
       3
       1
       5
       3
       1
       3
       2
       5
       1
       0
       3
       1
       3
       1
       2
       2
       2
       1
       4
       4
       2
       0
       2
       5
       2
       3
       1
       1
       1
       1
       1
       4
       2
       0
       2
       0
       3
       0
       2
       2
       2
       2
       2
       0
       1
       0
       1
       2
       0
       0
       2
       3
       2
       4
       2
       3
       3
       2
       2
       0
       5
       2
       0
       2
       2
       2
       0
       1
       2
       2
       0
       3
       3
       1
       4
       3
       3
       2
       3
       4
       1
       1
       4
       4
       2
       1
       0
       3
       1
       2
       1
       1
       4
       1
       1
       2
       0
       1
       2
       0
       1
       3
       1
       1
       1
       0
       1
       4
       2
       0
       1
       1
       2
       3
       1
       2
       2
       1
       1
       1
       1
       0
       2
       3
       0
       1
       0
       1
       1
       2
       2
       2
       2
       1
       1
       2
       0
       1
       0
       1
       1
       1
       3
       0
       1
       1
       1
       2
       0
       2
       2
       0
       1
       0
       1
       0
       2
       2
       0
       2
       0
       1
       3
       1
       1
       1
       2
       2
       1
       1
       0
       0
       0
       2
       1
       1
       3
       0
       0
       2
       0
       2
       1
       2
       2
       0
       2
       3
       2
       1
       1
       1
       1
       0
       1
       0
       2
       1
       1
       1
       0
       1
       2
       2
       0
       1
       3
       1
       3
       0
       0
       1
       1
       2
       4
       2
       1
       3
       1
       0
       1
       1
       0
       0
       0
       0
       0
       1
       2
       0
       0
       0
       2
       1
       2
       1
       0
       1
       2
       0
       1
       1
       0
       2
       0
       4
       1
       1
       1
       2
       2
       2
       0
       0
       1
       0
       1
       1
       2
       2
       2
       0
       1
       3
       0
       3
       1
       1
       0
       0
       1
       1
       0
       1
       1
       0
       1
       1
       1
       1
       0
       2
       1
       1
       0
       0
       0
       0
       2
       1
       2
       1
       2
       3
       0
       0
       0
       2
       0
       0
       0
       0
       0
       3
       2
       1
       0
       1
       1
       0
       2
       1
       0
       1
       1
       0
       1
       1
       1
       0
       1
       1
       2
       0
       2
       2
       0
       0
       0
       2
       3
       1
       1
       0
       1
       2
       0
       0
       3
       2
       1
       1
       0
       0
       0
       1
       1
       2
       2
       0
       0
       0
       0
       0
       0
       4
       1
       1
       0
       1
       1
       2
       2
       0
       3
       2
       2
       1
       3
       2
       0
       2
       1
       1
       0
       0
       0
       2
       1
       1
       0
       1
       0
       2
       0
       1
       0
       2
       2
       0
       2
       1
       1
       1
       2
       1
       2
       1
       2
       0
       1
       1
       2
       0
       0
       1
       2
       2
       3
       1
       2
       2
       0
       2
       1
       0
       0
       1
       1
       1
       1
       0
       2
       1
       0
       0
       2
       0
       1
       3
       2
       1
       0
       1
       0
       2
       0
       0
       1
       2
       2
       0
       0
       0
       1
       0
       1
       1
       0
       0
       4
       0
       2
       0
       1
       2
       0
       1
       2
       1
       2
       0
       1
       0
       2
       0
       4
       0
       0
       0
       0
       0
       2
       0
       1
       1
       0
       0
       0
       0
       0
       1
       1
       0
       0
       0
       0
       1
       1
       1
       0
       0
       0
       1
       2
       1
       1
       1
       1
       2
       1
       0
       1
       1
       0
       2
       0
       0
       0
       1
       2
       0
       0
       1
       0
       1
       0
       1
       0
       1
       0
       0
       0
       2
       1
       0
       0
       0
       0
       0
       0
       0
       0
       2
       0
       1
       0
       2
       0
       0
       2
       0
       1
       1
       0
       1
       0
       0
       1
       1
       0
       1
       1
       1
       0
       0
       1
       1
       0
       1
       2
       0
       0
       1
       0
       1
       1
       1
       3
       0
       2
       1
       2
       1
       1
       0
       1
       0
       1
       1
       0
       0
       1
       1
       2
       1
       0
       1
       0
       0
       1
       1
       1
       0
       0
       0
       2
       0
       1
       1
       1
       1
       0
       1
       0
       1
       1
       0
       0
       0
       0
       0
       0
       3
       1
       0
       1
       1
       0
       1
       0
       2
       1
       0
       0
       0
       2
       0
       1
       1
       1
       1
       1
       1
       0
       1
       0
       0
       0
       0
       0
       1
       0
       1
       0
       0
       3
       0
       0
       1
       0
       1
       1
       1
       3
       1
       1
       2
       0
       1
       0
       1
       1
       0
       1
       1
       1
       2
       0
       0
       2
       0
       0
       1
       0
       1
       0
       1
       0
       1
       2
       0
       3
       0
       0
       0
       0
       2
       0
       0
       0
       3
       1
       1
       0
       1
       0
       1
       1
       0
       2
       1
       2
       0
       1
       1
       1
       0
       1
       1
       1
       0
       0
       2
       4
       0
       1
       0
       2
       1
       2
       1
       3
       1
       2
       1
       0
       1
       0
       0
       1
       2
       3
       0
       0
       0
       1
       1
       3
       1
       2
       1
       1
       0
       0
       0
       1
       1
       1
       2
       0
       0
       1
       5
       1
       1
       0
       1
       1
       3
       2
       1
       1
       0
       0
       1
       1
       1
       2
       1
       1
       0
       0
       1
       2
       1
       3
       2
       2
       1
       2
       2
       1
       1
       0
       0
       1
       0
       1
       2
       3
       3
       0
       1
       1
       0
       1
       0
       2
       1
       1
       1
       0
       0
       1
       1
       1
       0
       2
       3
       1
       0
       1
       2
       1
       0
       1
       2
       1
       2
       2
       0
       1
       1
       1
       1
       0
       1
       1
       1
       0
       0
       1
       0
       0
       0
       2
       0
       0
       1
       0
       0
       0
       0
       0
       0
       0
       0
       0
       0
       0
       0
       0
       0
       1
       0
       0
       0
       0
       0
       0
       0
       1
       0
       0
       0
       1
       0
       1
       0
       0
       0
       0
       0
       0
       0
       1
       0
       0
       0
       0
       0
       0
       0
       0
       0
       1
       0
       0
       1
       0
       0
       0
       0
       0
       1
       1
       1
       0
       0
       1
       0
       1
       1
       0
       0
       1
       0
       0
       1
       0
       0
       0
       0
       0
       0
       1
       0
       0
       1
       2
       0
       0
       1
       0
       0
       0
       0
       0
       0
       0
       0
       0
       0
       0
       0
       0
       0
       0
       0
       1
       0
       0
       0
       0
       0
       0
       0
       0
       0
       0
       0
       0
       0
       0
       0
       0
       0
       0
       0
       1
       1
       0
       0
       0
       0
       0
       0
       0
       0
       0
       0
       1
       0
       0
       0
       0
       0
       0
       0
       0
       0
       0
       1
       0
       0
       0
       0
       0
       0
       1
       0
       0
       1
       0
       0
       0
       0
       0
       0
       0
       0
       1
       0
       0
       0
       0
       0
       0
       0
       0
       0
       0
       0
       0
       0
       0
       0
       0
       0
       0
       0
       0
       0
       0
       0
       0
       0
       0
       0
       0
       2
       0
       0
       1
       0
       0
       0
       0
       0
       1
       0
       1
       0
       0
       1
       1
       0
       0
       0
       0
       0
       1
       0
       0
       0
       0
       0
       0
       0
       0
       0
       0
       0
       0
       0
       0
       0
       1
       0
       0
       0
       0
       0
       0
       1
       0
       0
       0
       0
       0
       0
       1
       1
       0
       0
       0
       0
       0
       0
       0
       0
       0
       1
       1
       0
       0
       0
       0
       0
       0
       1
       0
       0
       0
       0
       0
       0
       0
       0
       0
       0
       0
       0
       0
       0
       0
       0
       0
       0
       0
       0
       1
       1
       0
       0
       0
       0
       0
       0
       0
       0
       0
       1
       0
       0
       0
       0
       2
       0
       0
       0
       0
       0
       0
       0
       0
       0
       0
       1
       0
       0
       0
       0
       1
       0
       1
       0
       0
       0
       0
       0
       0
       0
       0
       0
       1
       0
       0
       0
       1
       1
       0
       0
       0
       0
       0
       0
       0
       0
       0
       0
       0
       0
       0
       0
       0
       0
       0
       0
       0
       0
       0
       0
       0
       0
       0
       0
       0
       0
       0
       0
       0
       0
       0
       0
       0
$ROI:
0
$PRESETS:
None
0
0
$ENER_FIT:
0.000000 0.400470
$MCA_CAL:
3
0.000000E+000 4.004702E-001 0.000000E+000 keV
$SHAPE_CAL:
3
0.000000E+000 0.000000E+000 0.000000E+000
