$SPEC_ID:
Recoil
$SPEC_REM:
DET# 3
DETDESC# JLAB-11 MCB 134
AP# Maestro Version 7.01
$DATE_MEA:
10/31/2022 14:21:49
$MEAS_TIM:
514 543
$DATA:
0 2047
       0
       0
       0
       0
       0
       0
       0
       0
       0
       0
       0
       0
       0
       0
       0
       0
       0
       0
       0
       0
       0
       0
       0
       0
       0
       0
       0
       0
       0
       0
       0
       0
       0
       0
       0
       0
       0
       0
       0
      42
    1362
    1468
    1489
    1556
    1585
    1633
    1662
    1716
    1849
    1937
    2009
    2190
    2423
    2658
    2914
    3247
    3589
    3915
    4516
    5097
    5940
    6474
    7309
    8104
    9061
   10200
   11043
   11959
   12980
   14198
   15072
   15601
   16745
   17319
   17999
   18411
   18739
   19108
   19181
   19123
   18764
   18255
   17698
   16720
   15655
   14716
   13712
   12542
   11264
   10236
    9121
    8140
    7301
    6355
    5581
    5046
    4418
    3865
    3433
    2989
    2650
    2536
    2241
    2083
    1922
    1884
    1824
    1807
    1727
    1774
    1737
    1730
    1822
    1839
    1781
    1881
    1952
    2022
    1917
    2034
    2122
    2105
    2087
    2194
    2147
    2224
    2189
    2390
    2342
    2454
    2428
    2280
    2385
    2483
    2467
    2431
    2530
    2503
    2538
    2539
    2540
    2617
    2472
    2567
    2592
    2570
    2598
    2521
    2482
    2522
    2521
    2529
    2636
    2583
    2571
    2693
    2625
    2671
    2809
    2867
    2822
    2925
    2921
    3103
    3226
    3251
    3310
    3495
    3552
    3637
    3658
    3786
    3899
    3987
    4167
    4219
    4327
    4350
    4608
    4729
    4806
    4783
    4855
    5067
    5049
    5108
    5115
    5230
    5217
    5414
    5266
    5447
    5534
    5591
    5596
    5773
    5760
    5822
    5704
    5892
    5987
    5911
    6032
    6029
    6154
    6247
    6171
    6244
    5869
    6031
    5993
    5906
    5724
    5588
    5470
    5356
    5130
    5000
    4810
    4662
    4351
    4311
    3903
    3730
    3593
    3300
    3232
    2955
    2888
    2566
    2412
    2343
    2252
    2042
    1953
    1908
    1811
    1643
    1618
    1480
    1484
    1541
    1410
    1311
    1303
    1316
    1248
    1232
    1266
    1217
    1140
    1213
    1222
    1234
    1247
    1220
    1219
    1177
    1243
    1184
    1194
    1215
    1246
    1238
    1297
    1275
    1231
    1244
    1215
    1199
    1313
    1231
    1231
    1295
    1321
    1298
    1282
    1311
    1338
    1327
    1296
    1241
    1327
    1261
    1301
    1266
    1289
    1359
    1335
    1274
    1248
    1296
    1266
    1288
    1301
    1253
    1294
    1266
    1257
    1315
    1295
    1298
    1250
    1244
    1356
    1244
    1254
    1229
    1237
    1296
    1250
    1282
    1296
    1190
    1252
    1211
    1271
    1234
    1302
    1306
    1306
    1271
    1278
    1286
    1342
    1297
    1314
    1246
    1348
    1383
    1398
    1281
    1349
    1388
    1300
    1391
    1421
    1326
    1461
    1354
    1357
    1451
    1446
    1510
    1439
    1407
    1470
    1464
    1481
    1490
    1467
    1432
    1531
    1534
    1519
    1517
    1556
    1525
    1554
    1582
    1608
    1507
    1613
    1528
    1565
    1570
    1599
    1663
    1646
    1630
    1549
    1631
    1655
    1686
    1628
    1598
    1643
    1684
    1646
    1698
    1711
    1668
    1647
    1740
    1612
    1743
    1672
    1723
    1784
    1724
    1716
    1735
    1775
    1731
    1636
    1686
    1704
    1699
    1742
    1625
    1649
    1681
    1573
    1554
    1557
    1638
    1682
    1679
    1577
    1635
    1560
    1540
    1592
    1591
    1625
    1532
    1480
    1584
    1515
    1457
    1497
    1485
    1421
    1448
    1455
    1433
    1341
    1407
    1373
    1375
    1343
    1411
    1344
    1347
    1350
    1351
    1399
    1318
    1350
    1301
    1343
    1207
    1276
    1270
    1259
    1291
    1255
    1216
    1197
    1217
    1164
    1214
    1278
    1227
    1184
    1206
    1203
    1145
    1117
    1230
    1127
    1117
    1151
    1141
    1080
    1127
    1058
    1174
    1046
    1094
    1031
    1101
    1116
    1041
    1084
    1057
    1026
    1038
    1055
    1011
    1036
    1073
    1007
    1003
    1055
    1003
    1027
    1045
     948
     936
    1060
     936
     947
     947
     961
     931
     973
     966
     906
     971
     920
     902
     900
     850
     917
     850
     903
     906
     855
     873
     868
     910
     842
     840
     860
     820
     844
     830
     843
     888
     796
     861
     866
     851
     805
     784
     861
     774
     736
     793
     818
     853
     828
     776
     802
     815
     803
     798
     789
     782
     760
     802
     824
     751
     764
     784
     783
     780
     854
     825
     779
     768
     744
     748
     790
     744
     718
     767
     756
     795
     755
     757
     799
     756
     739
     749
     736
     792
     803
     784
     733
     739
     725
     784
     788
     736
     707
     788
     710
     739
     756
     723
     730
     746
     737
     724
     752
     708
     733
     758
     748
     786
     814
     707
     717
     729
     752
     800
     790
     781
     814
     761
     778
     779
     739
     773
     784
     811
     790
     814
     780
     848
     814
     861
     840
     818
     846
     854
     840
     835
     857
     876
     847
     905
     880
     935
     923
     925
    1051
    1012
     945
     957
    1019
    1018
    1048
    1015
    1008
    1085
    1071
    1034
    1039
    1064
    1134
    1061
    1164
    1121
    1100
    1157
    1175
    1182
    1231
    1218
    1223
    1256
    1197
    1231
    1183
    1217
    1227
    1242
    1272
    1331
    1237
    1286
    1308
    1292
    1333
    1287
    1352
    1327
    1388
    1384
    1374
    1345
    1405
    1496
    1363
    1403
    1452
    1483
    1487
    1485
    1514
    1459
    1510
    1627
    1534
    1631
    1615
    1550
    1584
    1562
    1624
    1690
    1657
    1654
    1644
    1677
    1610
    1729
    1708
    1788
    1829
    1793
    1819
    1804
    1775
    1791
    1920
    1929
    1879
    1917
    1947
    1940
    1859
    1936
    1952
    1908
    1988
    1976
    2021
    1884
    2020
    2069
    2067
    2039
    1988
    1987
    2003
    1917
    2022
    2034
    2011
    2036
    2084
    1960
    1920
    1939
    2002
    1965
    1916
    1961
    1945
    1860
    1868
    1882
    1911
    1878
    1810
    1819
    1832
    1836
    1763
    1731
    1790
    1733
    1646
    1714
    1726
    1627
    1641
    1731
    1610
    1571
    1546
    1602
    1560
    1533
    1538
    1525
    1480
    1488
    1528
    1524
    1515
    1524
    1516
    1508
    1547
    1417
    1537
    1599
    1624
    1540
    1546
    1608
    1659
    1658
    1652
    1657
    1698
    1736
    1737
    1756
    1882
    1798
    1784
    1840
    1900
    1862
    2012
    2053
    2156
    2180
    2141
    2167
    2335
    2277
    2232
    2356
    2401
    2489
    2516
    2660
    2628
    2752
    2779
    2902
    2868
    2921
    2981
    2935
    3076
    2994
    3212
    3183
    3240
    3211
    3238
    3345
    3376
    3463
    3468
    3567
    3530
    3576
    3547
    3503
    3622
    3700
    3672
    3706
    3696
    3659
    3766
    3670
    3758
    3679
    3655
    3746
    3816
    3714
    3692
    3695
    3566
    3752
    3560
    3593
    3647
    3676
    3561
    3532
    3495
    3447
    3418
    3534
    3385
    3427
    3281
    3363
    3294
    3242
    3151
    3109
    3114
    3094
    2923
    3092
    2827
    2825
    2783
    2759
    2667
    2614
    2558
    2548
    2497
    2448
    2401
    2353
    2316
    2308
    2195
    2169
    2116
    1996
    2058
    1977
    1888
    1923
    1816
    1722
    1766
    1704
    1660
    1600
    1560
    1592
    1500
    1507
    1440
    1343
    1408
    1382
    1377
    1320
    1262
    1250
    1257
    1128
    1178
    1135
    1038
    1114
    1146
    1075
    1075
    1011
     976
     952
     949
     959
     943
     944
     884
     858
     847
     852
     842
     834
     807
     796
     800
     697
     727
     742
     706
     651
     664
     682
     619
     615
     608
     613
     600
     573
     560
     551
     595
     502
     537
     470
     474
     491
     523
     477
     440
     443
     450
     426
     448
     404
     400
     374
     403
     412
     374
     350
     374
     383
     349
     368
     341
     333
     353
     346
     361
     326
     324
     309
     364
     301
     335
     287
     291
     342
     307
     322
     312
     302
     306
     300
     293
     298
     258
     302
     294
     267
     300
     310
     264
     283
     304
     283
     295
     247
     244
     276
     278
     276
     304
     274
     258
     287
     279
     262
     273
     285
     265
     255
     266
     229
     260
     278
     263
     284
     258
     240
     241
     231
     242
     235
     262
     222
     252
     244
     233
     216
     224
     211
     235
     233
     228
     207
     215
     212
     248
     218
     188
     207
     217
     211
     197
     205
     203
     185
     203
     179
     195
     169
     183
     159
     200
     157
     154
     177
     158
     150
     157
     161
     155
     182
     142
     164
     164
     163
     147
     149
     160
     138
     135
     133
     147
     128
     123
     128
     137
     108
      93
     102
     102
     118
     111
     100
     111
      98
      87
     104
     121
      97
      82
      99
     102
     100
      85
      73
      76
     110
      98
      85
     102
      88
      78
      87
      79
      92
      76
      86
      81
      84
      61
      81
      75
      78
      79
      77
      82
      69
      64
      77
      74
      68
      81
      78
      63
      71
      79
      67
      72
      65
      79
      72
      52
      69
      74
      70
      73
      63
      83
      61
      56
      58
      63
      65
      58
      66
      48
      54
      56
      64
      64
      77
      50
      75
      66
      63
      59
      65
      59
      70
      58
      62
      53
      54
      59
      68
      67
      55
      60
      62
      64
      62
      46
      59
      48
      53
      60
      62
      60
      50
      63
      54
      58
      62
      48
      59
      56
      51
      57
      46
      50
      62
      61
      59
      56
      44
      49
      42
      44
      56
      43
      47
      62
      71
      46
      48
      42
      47
      61
      55
      63
      50
      44
      41
      47
      66
      42
      38
      62
      59
      36
      44
      40
      39
      47
      56
      49
      48
      62
      59
      64
      54
      45
      46
      44
      49
      61
      49
      42
      39
      54
      57
      48
      54
      45
      49
      46
      50
      59
      40
      57
      40
      47
      59
      57
      42
      51
      47
      49
      49
      46
      52
      44
      42
      49
      54
      51
      44
      47
      39
      48
      51
      51
      45
      49
      51
      54
      43
      67
      50
      49
      45
      57
      43
      44
      53
      49
      58
      52
      59
      54
      45
      57
      51
      47
      60
      42
      41
      48
      56
      46
      41
      47
      52
      36
      57
      45
      55
      39
      54
      52
      57
      46
      46
      37
      43
      46
      61
      54
      50
      44
      47
      49
      47
      54
      58
      51
      49
      58
      56
      48
      60
      38
      42
      48
      53
      62
      62
      63
      54
      49
      51
      56
      34
      52
      64
      66
      61
      59
      53
      55
      64
      56
      50
      59
      60
      64
      63
      57
      55
      63
      75
      57
      57
      62
      78
      71
      64
      78
      72
      67
      64
      68
      68
      65
      82
      79
      74
      77
      63
      50
      85
      91
      80
      91
      86
      92
      67
      94
      81
      94
      92
      89
      81
      94
      80
      95
     100
     101
      94
      95
     100
     100
     106
     100
     114
     104
     117
     106
     129
     135
     126
     120
     138
     108
     128
     137
     150
     129
     132
     146
     131
     147
     169
     157
     136
     154
     140
     179
     159
     157
     163
     172
     192
     170
     192
     171
     174
     183
     198
     211
     209
     192
     195
     184
     224
     237
     219
     217
     231
     242
     217
     248
     257
     232
     239
     232
     250
     259
     253
     276
     267
     261
     260
     292
     265
     257
     262
     278
     263
     301
     291
     266
     279
     281
     294
     283
     289
     299
     282
     275
     295
     329
     284
     264
     295
     317
     291
     297
     260
     313
     286
     303
     270
     260
     287
     276
     265
     310
     266
     312
     269
     260
     259
     284
     281
     272
     278
     273
     275
     239
     246
     255
     245
     238
     246
     242
     222
     224
     204
     230
     217
     220
     233
     242
     226
     208
     226
     197
     224
     187
     176
     202
     179
     178
     172
     176
     160
     150
     172
     150
     139
     178
     136
     151
     145
     150
     134
     138
     121
     130
     137
     131
     110
     110
     100
     106
      92
     114
     100
     115
      87
      98
      84
     104
      88
      80
      90
      56
      71
      88
      63
      84
      68
      66
      53
      59
      61
      53
      45
      64
      46
      55
      63
      49
      43
      51
      57
      35
      45
      37
      46
      39
      33
      39
      38
      37
      35
      28
      27
      32
      29
      33
      19
      29
      32
      26
      22
      33
      24
      28
      29
      35
      34
      26
      22
      27
      17
      23
      28
      28
      23
      18
      17
      14
      21
      27
      21
      23
      23
      29
      21
      17
      17
      11
      24
      11
      10
      29
      14
      18
      22
      21
      16
      18
      24
      16
      23
      19
      23
      14
      11
      21
      17
      16
      20
      15
      23
      23
      26
      15
      23
      21
      24
      20
      26
      16
      17
      18
      15
      11
      13
      18
      14
      21
      17
      14
      18
      11
      18
      26
      20
      13
      11
      13
      15
      15
      17
      20
      17
      19
      15
      16
      12
      11
      15
      18
      16
      18
      18
      19
      13
      12
      10
      13
      16
      17
      19
      15
      10
      11
      11
      12
      14
      11
      14
      15
       6
       9
      14
      12
      11
      15
       8
      13
      16
      11
       9
      11
      13
      14
      10
      13
      13
       7
       9
       5
       8
      10
      15
       9
      13
       9
      14
       9
      12
      13
      10
      11
      10
      10
      17
       9
      10
       7
       9
      13
      18
       4
       7
       9
      19
       8
      13
      15
      11
      11
      13
      13
       9
       7
      10
      10
       8
       4
      12
       9
       9
       7
       6
       6
       8
      17
       8
       9
       6
      12
       9
      12
       5
       5
       5
       8
      12
       9
       3
      11
       9
       7
       9
       7
      10
       8
       5
       9
      11
      12
       3
       9
       8
       8
      13
       9
       8
       7
       6
      14
       8
       9
      11
       7
       7
       7
       7
      10
       8
       7
       8
       7
      12
       4
       3
       4
       8
       8
      11
       7
       9
       9
       8
       9
      10
       6
       5
       9
       6
      11
      10
       7
      10
       7
       5
       6
      15
       9
       4
       8
       4
      10
       8
       7
       8
      11
       9
       8
      10
       9
      10
       8
       8
       7
       4
       5
       2
       9
       6
      10
       8
       6
       8
       7
       9
       7
      12
       6
       4
       5
       6
       6
       6
       8
       6
       5
       9
       5
       5
       6
       8
      14
      10
       7
       8
      10
       6
       9
       7
       8
      11
       3
      11
       7
      12
      11
       8
       3
       6
       7
       9
       6
       5
       4
      11
       5
       7
       5
       9
       5
       6
       7
       2
       5
       7
      12
       4
       7
       6
       6
      11
       3
      14
       3
       5
       7
      10
       4
       4
      11
      12
       8
      15
       4
       8
      11
       8
       6
      13
       5
      10
       4
       6
       6
       7
       7
       4
      10
      12
       6
      11
       4
       5
       9
       8
      11
       6
       4
       3
       6
      11
      10
       5
      12
      10
       8
       4
       5
      10
       4
       7
       4
      10
       5
       7
       8
       6
       3
       6
       0
       0
       0
       0
       0
       0
       0
       0
       0
       0
       0
       0
       0
       0
       0
       0
       0
       0
       0
       0
       0
       0
       0
       0
       0
       0
       0
       0
       0
       0
       0
       0
$ROI:
0
$PRESETS:
None
0
0
$ENER_FIT:
0.000000 0.436379
$MCA_CAL:
3
0.000000E+000 4.363792E-001 0.000000E+000 keV
$SHAPE_CAL:
3
0.000000E+000 0.000000E+000 0.000000E+000
