$SPEC_ID:
Scatter
$SPEC_REM:
DET# 2
DETDESC# JLAB-11 MCB 133
AP# Maestro Version 7.01
$DATE_MEA:
10/31/2022 14:21:41
$MEAS_TIM:
892 914
$DATA:
0 2047
       0
       0
       0
       0
       0
       0
       0
       0
       0
       0
       0
       0
       0
       0
       0
       0
       0
       0
       0
       0
       0
       0
       0
       0
       0
       0
       0
       0
       0
       0
       0
       0
       0
       0
       0
       0
     109
     645
     754
     782
     783
     776
     764
     740
     769
     814
     805
     835
     805
     800
     798
     823
     844
     785
     850
     815
     919
     976
     978
    1034
    1130
    1222
    1311
    1463
    1759
    1981
    2285
    2720
    3336
    3862
    4640
    5602
    6571
    8016
    9210
   10598
   12145
   13516
   14914
   16307
   17624
   19021
   19775
   20159
   20922
   20521
   20392
   19906
   19131
   18226
   17031
   15309
   14169
   12907
   11879
   10283
    8949
    7753
    6827
    5984
    5019
    4423
    3767
    3175
    2746
    2461
    2134
    1684
    1581
    1492
    1251
    1208
     996
     998
     923
     873
     822
     861
     847
     816
     865
     921
     931
     960
     975
    1055
    1038
    1120
    1151
    1198
    1286
    1336
    1390
    1395
    1516
    1444
    1533
    1601
    1626
    1680
    1719
    1631
    1669
    1649
    1676
    1674
    1635
    1587
    1561
    1545
    1537
    1438
    1477
    1434
    1345
    1437
    1378
    1300
    1328
    1311
    1325
    1303
    1318
    1286
    1355
    1327
    1313
    1389
    1345
    1429
    1421
    1441
    1410
    1463
    1496
    1494
    1514
    1495
    1517
    1580
    1547
    1519
    1492
    1686
    1608
    1685
    1705
    1720
    1881
    1753
    2005
    2069
    2122
    2219
    2335
    2459
    2648
    2894
    3063
    3157
    3496
    3682
    3991
    4345
    4620
    4937
    5253
    5538
    5823
    6199
    6494
    6528
    6979
    7286
    7370
    7529
    7771
    7943
    7885
    7739
    7691
    7786
    7662
    7412
    7346
    6998
    6682
    6382
    6217
    5896
    5601
    5297
    4925
    4545
    4199
    3847
    3533
    3284
    2983
    2723
    2544
    2199
    2052
    1843
    1724
    1576
    1445
    1250
    1176
    1126
    1066
    1002
     953
     934
     897
     801
     773
     773
     801
     741
     756
     757
     769
     708
     733
     709
     775
     741
     738
     728
     782
     749
     759
     759
     751
     786
     748
     777
     777
     747
     814
     774
     769
     807
     860
     807
     883
     809
     892
     881
     877
     855
     874
     890
     855
     889
     874
     930
     876
     935
     944
     962
     922
     893
     894
     901
     941
     856
     919
     956
     894
     871
     905
     873
     891
     897
     861
     839
     897
     879
     863
     891
     835
     837
     868
     799
     860
     818
     836
     826
     841
     820
     785
     801
     843
     803
     839
     808
     827
     795
     785
     804
     840
     858
     829
     852
     807
     858
     847
     856
     821
     898
     862
     869
     850
     830
     886
     841
     855
     889
     872
     893
     913
     895
     936
     961
     867
     940
     952
     940
     935
     919
     974
     937
     908
     916
     934
     953
     984
     983
     890
     965
    1006
     947
     944
     993
     994
    1010
     963
    1019
    1032
    1082
    1023
    1040
    1059
    1014
    1094
    1012
    1022
    1007
    1060
    1001
    1092
    1007
    1038
    1075
    1059
    1048
    1063
    1088
    1064
     989
    1074
    1066
    1050
    1014
    1052
    1073
     986
    1013
    1037
    1037
    1016
     980
     992
     998
     933
     983
     930
     963
     874
     919
     937
     914
     932
     930
     859
     872
     859
     854
     903
     873
     930
     838
     873
     871
     811
     852
     814
     827
     810
     823
     832
     811
     784
     770
     798
     829
     829
     803
     771
     796
     768
     797
     748
     754
     809
     776
     726
     794
     711
     722
     725
     735
     736
     728
     760
     743
     701
     740
     693
     760
     700
     716
     710
     708
     739
     746
     720
     665
     740
     705
     700
     682
     675
     706
     690
     675
     695
     709
     659
     669
     697
     657
     656
     641
     688
     620
     608
     635
     618
     648
     640
     591
     585
     597
     600
     586
     576
     615
     591
     602
     595
     572
     554
     577
     570
     588
     587
     553
     528
     513
     585
     540
     538
     524
     540
     572
     569
     553
     512
     537
     547
     557
     508
     530
     495
     553
     528
     492
     531
     522
     525
     540
     491
     536
     536
     537
     530
     515
     575
     507
     555
     502
     462
     513
     491
     506
     503
     518
     515
     492
     488
     540
     469
     488
     501
     520
     489
     497
     477
     502
     450
     509
     463
     483
     477
     476
     493
     499
     471
     436
     484
     492
     456
     441
     462
     471
     446
     444
     458
     461
     456
     460
     471
     435
     452
     448
     414
     434
     421
     431
     419
     442
     466
     422
     443
     406
     433
     441
     411
     409
     419
     437
     409
     387
     447
     408
     441
     420
     429
     435
     418
     394
     441
     466
     441
     382
     422
     476
     422
     472
     491
     442
     450
     513
     475
     497
     476
     502
     507
     559
     557
     519
     543
     518
     573
     602
     596
     563
     560
     627
     644
     621
     663
     657
     671
     691
     677
     699
     764
     721
     756
     715
     765
     707
     733
     733
     796
     799
     791
     769
     843
     843
     850
     894
     874
     863
     847
     869
     818
     870
     895
     893
     908
     882
     907
     935
     922
     881
     889
     965
     964
    1008
     958
     990
     937
     997
     995
     999
     999
    1036
    1060
    1014
    1040
    1043
    1113
    1073
    1037
    1175
    1125
    1133
    1058
    1136
    1188
    1091
    1170
    1221
    1291
    1228
    1238
    1256
    1245
    1265
    1314
    1238
    1313
    1331
    1328
    1310
    1313
    1303
    1343
    1310
    1363
    1336
    1320
    1342
    1394
    1379
    1457
    1309
    1431
    1323
    1407
    1415
    1375
    1416
    1344
    1347
    1404
    1351
    1441
    1421
    1341
    1374
    1318
    1310
    1355
    1352
    1270
    1188
    1289
    1290
    1182
    1213
    1196
    1149
    1142
    1085
    1102
    1099
    1139
    1030
     999
    1048
     999
     979
     975
     924
     850
     874
     858
     872
     832
     825
     872
     819
     784
     857
     739
     788
     747
     734
     691
     759
     732
     657
     723
     726
     756
     695
     686
     744
     793
     758
     732
     774
     746
     759
     820
     848
     867
     957
     897
     967
     949
    1040
    1030
    1055
    1090
    1093
    1183
    1237
    1259
    1277
    1348
    1378
    1406
    1455
    1540
    1514
    1577
    1639
    1680
    1723
    1730
    1729
    1905
    1851
    2039
    1971
    1989
    2118
    2118
    2209
    2238
    2203
    2269
    2371
    2434
    2394
    2475
    2553
    2522
    2617
    2551
    2660
    2709
    2689
    2761
    2772
    2773
    2804
    2803
    2930
    2928
    2977
    2996
    2975
    3013
    3044
    2945
    3032
    3067
    2921
    3047
    2961
    2978
    2909
    3009
    3014
    3015
    2981
    2888
    2926
    2882
    2844
    2944
    2784
    2832
    2755
    2805
    2724
    2669
    2619
    2538
    2576
    2514
    2573
    2458
    2395
    2314
    2357
    2271
    2201
    2241
    2144
    2121
    2028
    2021
    1964
    1963
    1895
    1828
    1776
    1688
    1746
    1677
    1574
    1531
    1492
    1464
    1473
    1410
    1369
    1314
    1246
    1260
    1179
    1215
    1140
    1134
    1117
     992
    1060
    1033
    1001
     931
     942
     869
     907
     894
     835
     817
     769
     799
     751
     758
     755
     717
     727
     700
     718
     678
     697
     670
     637
     623
     621
     605
     586
     537
     588
     575
     535
     563
     488
     512
     481
     460
     447
     467
     451
     472
     404
     431
     421
     405
     401
     376
     384
     368
     378
     381
     361
     381
     330
     318
     286
     259
     281
     260
     295
     283
     279
     255
     258
     268
     225
     232
     232
     199
     218
     210
     202
     207
     199
     179
     177
     180
     160
     155
     154
     172
     150
     173
     159
     152
     156
     140
     120
     137
     163
     136
     118
     118
     135
     130
     117
     113
     112
     135
     124
     119
     120
     129
     116
     120
     113
     105
     110
     112
      99
      95
     125
     110
     115
     117
      92
     115
     105
     106
      99
     114
     132
     115
     130
     127
     111
     128
     110
     106
     104
     106
      99
     113
     116
     107
     121
     115
     116
     110
     119
      98
      99
     132
     103
     121
     118
     101
     118
     121
     110
     106
     110
     122
     117
     113
     118
     137
     113
     108
     123
     132
     119
     120
     104
     104
      98
     112
      94
     109
     102
     101
     108
     121
     106
      90
     115
     104
      99
     113
      96
     125
     103
      95
     102
      88
      84
      93
      92
      95
      83
      88
      80
      83
      78
      98
      62
      72
      77
      76
      84
      78
      86
      84
      72
      73
      73
      73
      56
      74
      63
      52
      64
      80
      68
      75
      65
      60
      52
      64
      52
      68
      79
      66
      64
      62
      60
      48
      63
      51
      65
      51
      57
      59
      52
      49
      48
      57
      53
      39
      51
      51
      52
      39
      43
      49
      51
      60
      52
      41
      50
      52
      42
      37
      55
      50
      42
      39
      51
      47
      44
      41
      45
      49
      42
      53
      44
      41
      47
      49
      47
      54
      46
      44
      53
      43
      39
      42
      51
      57
      53
      55
      45
      63
      48
      35
      54
      45
      47
      46
      66
      46
      62
      61
      44
      38
      53
      45
      47
      46
      44
      54
      47
      47
      43
      46
      39
      34
      37
      63
      40
      46
      31
      63
      53
      39
      39
      46
      43
      40
      37
      43
      39
      44
      42
      32
      47
      48
      36
      27
      50
      43
      42
      44
      36
      34
      48
      31
      37
      40
      41
      56
      34
      28
      23
      31
      48
      41
      29
      40
      41
      39
      46
      33
      33
      35
      29
      28
      42
      31
      27
      35
      46
      33
      28
      23
      34
      30
      40
      37
      41
      31
      24
      32
      30
      31
      36
      41
      32
      28
      40
      33
      44
      38
      41
      29
      32
      29
      26
      36
      36
      31
      25
      29
      30
      24
      24
      34
      37
      27
      23
      35
      23
      27
      32
      27
      34
      28
      31
      25
      32
      28
      38
      23
      24
      30
      19
      32
      25
      33
      35
      35
      25
      33
      33
      25
      44
      28
      31
      34
      24
      26
      30
      28
      26
      39
      33
      34
      23
      35
      34
      25
      38
      28
      27
      32
      33
      36
      41
      28
      27
      30
      30
      29
      28
      41
      21
      32
      34
      28
      29
      28
      36
      26
      30
      29
      39
      35
      25
      26
      40
      33
      31
      32
      14
      29
      24
      27
      25
      23
      29
      32
      40
      38
      36
      28
      30
      29
      28
      29
      33
      26
      27
      27
      29
      29
      33
      31
      28
      28
      27
      24
      28
      36
      34
      29
      29
      36
      24
      28
      31
      26
      30
      25
      27
      32
      26
      39
      26
      27
      35
      27
      23
      24
      28
      29
      21
      38
      22
      38
      23
      24
      23
      23
      41
      28
      25
      23
      27
      23
      36
      37
      24
      31
      31
      25
      30
      31
      28
      24
      30
      31
      37
      29
      35
      30
      27
      27
      32
      24
      21
      19
      27
      25
      21
      29
      23
      34
      21
      26
      24
      33
      22
      27
      28
      29
      28
      26
      33
      29
      23
      34
      28
      27
      28
      24
      25
      27
      25
      27
      30
      19
      29
      35
      32
      21
      21
      25
      29
      24
      34
      32
      26
      22
      20
      28
      21
      25
      26
      22
      22
      27
      23
      19
      25
      29
      23
      22
      24
      26
      23
      28
      31
      36
      26
      27
      20
      26
      28
      29
      28
      23
      17
      25
      26
      31
      24
      27
      27
      25
      26
      30
      26
      17
      26
      24
      33
      23
      21
      23
      29
      21
      22
      30
      29
      22
      22
      28
      24
      19
      22
      28
      34
      28
      24
      25
      18
      25
      34
      29
      14
      27
      27
      22
      28
      32
      25
      21
      20
      31
      26
      22
      20
      27
      24
      25
      26
      32
      24
      24
      35
      24
      19
      23
      19
      25
      20
      20
      23
      20
      23
      20
      18
      26
      22
      13
      11
      19
      23
      30
      19
      19
      15
      22
      18
      27
      13
      25
      21
      14
      23
      17
      21
      18
      25
      22
      28
      18
      17
      22
      25
      26
      20
      18
      16
      13
      23
      19
      11
      20
      11
      14
      22
      20
      20
      20
      16
      19
      23
      17
      17
      10
      17
      26
      15
      20
      18
      17
      13
      19
      19
      13
      20
      20
      10
      18
      18
      12
      14
      15
      22
      15
      18
      14
      13
      18
      13
       8
      15
      21
      13
      14
      21
      15
      14
      15
      14
      17
      16
      16
      18
      15
      14
      21
      20
      18
      14
      21
      18
      19
      23
      10
      14
      19
      12
      22
      16
      17
       9
      13
      11
      19
      18
      14
      12
       6
       6
      18
       8
       9
      10
      12
      11
      17
      19
      15
      25
      12
      16
      11
      18
      18
      16
      14
      11
      14
       9
      16
      10
      21
      14
      11
      14
      11
       7
      15
      13
      23
      12
      14
      20
      15
      19
      18
      13
      15
      13
      13
      11
      18
      12
      15
      16
      21
      16
      12
      15
      10
      14
      19
       8
      19
      10
      13
      17
      15
      12
      20
      17
      12
      15
      15
       9
      15
      10
      11
      12
      16
      17
      12
      10
      13
       6
       8
      12
      13
       8
      12
      13
      11
      17
       6
      12
      12
      12
      14
      17
      14
      18
      13
      10
      19
       9
       9
      17
      12
      15
       9
       8
      12
      11
       7
      14
      11
      20
      14
      14
      13
      15
      11
       7
       9
      12
      17
      10
      12
       4
      17
       9
      14
       9
       6
      13
      10
       7
      19
      12
       7
      10
       8
      14
      15
       8
      11
      18
      11
       8
      13
      10
       9
      13
       4
       4
      10
      15
      11
       5
      10
      16
      10
       5
      14
      12
       7
       4
       6
       9
      15
       9
      12
      12
       7
      12
      10
      14
      17
      16
      12
      13
      12
      13
      12
      14
       9
       7
      18
       7
       8
      10
       9
      12
       9
       9
      15
       6
      12
      15
      12
      12
      15
      12
      11
      16
      12
       9
      10
       7
      10
       6
       8
      10
      13
       9
      15
      11
      10
       4
      13
      13
       8
      15
       7
       8
      14
       9
       9
      12
      10
      14
       9
      10
      11
      12
      10
       7
      10
       5
       5
      12
       8
      11
      12
       4
      14
       6
      15
      14
      15
      11
      12
      12
      15
       8
      10
       6
       9
       6
      13
      10
       6
       8
      10
      14
       0
       0
       0
       0
       0
       0
       0
       0
       0
       0
       0
       0
       0
       0
       0
       0
       0
       0
       0
       0
       0
       0
       0
       0
       0
       0
       0
       0
       0
       0
       0
       0
$ROI:
0
$PRESETS:
None
0
0
$ENER_FIT:
0.000000 0.400470
$MCA_CAL:
3
0.000000E+000 4.004702E-001 0.000000E+000 keV
$SHAPE_CAL:
3
0.000000E+000 0.000000E+000 0.000000E+000
